Date Hour Close High Low Open Volume
2012-06-15 09:10 88.01 88.24 87.84 88.0 34892
2012-06-15 09:20 88.21 88.34 87.98 87.98 17064
2012-06-15 09:30 88.34 88.49 88.06 88.18 25309
2012-06-15 09:40 88.16 88.5 88.13 88.29 29674
2012-06-15 09:50 88.19 88.21 88.0 88.15 29872
2012-06-15 10:00 87.68 88.18 87.68 88.18 16077
2012-06-15 10:10 87.7 87.77 87.61 87.72 10818
2012-06-15 10:20 87.71 87.82 87.61 87.72 15423
2012-06-15 10:30 87.74 87.75 87.56 87.72 7753
2012-06-15 10:40 87.86 87.92 87.65 87.7 11976
2012-06-15 10:50 87.86 87.94 87.74 87.85 8652
2012-06-15 11:00 87.92 88.0 87.79 87.81 11132
2012-06-15 11:10 88.11 88.11 87.93 87.96 12919
2012-06-15 11:20 87.9 88.26 87.87 88.15 13053
2012-06-15 11:30 88.0 88.06 87.76 87.88 8062
2012-06-15 11:40 88.17 88.23 88.03 88.03 19108
2012-06-15 11:50 88.21 88.35 88.05 88.18 35563
2012-06-15 12:00 88.5 88.92 88.16 88.16 485330
2012-06-15 12:10 88.45 88.53 88.28 88.48 25904
2012-06-15 12:20 88.29 88.47 88.26 88.45 11840
2012-06-15 12:30 88.41 88.51 88.31 88.31 11008
2012-06-15 12:40 88.39 88.46 88.34 88.42 7295
2012-06-15 12:50 88.45 88.49 88.35 88.35 4923
2012-06-15 13:00 88.6 88.63 88.41 88.41 20866
2012-06-15 13:10 88.63 88.72 88.51 88.57 9413
2012-06-15 13:20 88.61 88.71 88.54 88.66 6915
2012-06-15 13:30 88.49 88.62 88.44 88.62 9103
2012-06-15 13:40 88.5 88.55 88.47 88.5 3903
2012-06-15 13:50 88.33 88.51 88.33 88.5 5136
2012-06-15 14:00 88.37 88.43 88.29 88.32 11169
2012-06-15 14:10 88.24 88.39 88.17 88.39 8975
2012-06-15 14:20 88.09 88.25 88.09 88.24 3337
2012-06-15 14:30 88.16 88.28 88.06 88.08 10170
2012-06-15 14:40 88.07 88.2 88.03 88.12 8509
2012-06-15 14:50 87.97 88.14 87.97 88.09 7737
2012-06-15 15:00 87.78 87.97 87.78 87.96 7463
2012-06-15 15:10 87.87 87.89 87.68 87.8 12178
2012-06-15 15:20 87.84 87.96 87.75 87.85 5902
2012-06-15 15:30 87.91 87.94 87.82 87.83 9664
2012-06-15 15:40 87.79 88.04 87.74 87.89 12502
2012-06-15 15:50 88.32 88.34 87.74 87.78 37528
2012-06-15 16:00 88.51 88.65 88.2 88.31 54853
2012-06-15 16:10 88.26 88.59 88.24 88.51 10265
2012-06-15 16:20 88.31 88.43 88.29 88.3 9988
2012-06-15 16:30 88.16 88.34 88.05 88.31 16975
2012-06-15 16:40 88.13 88.24 88.04 88.2 17167
2012-06-15 16:50 88.13 88.17 87.99 88.13 8348
2012-06-15 17:00 88.03 88.13 87.98 88.11 9789
2012-06-15 17:10 87.86 88.04 87.86 88.03 19470
2012-06-15 17:20 87.7 88.0 87.7 87.9 13005
2012-06-15 17:30 87.83 87.9 87.63 87.69 24366
2012-06-15 17:40 87.87 87.87 87.87 87.87 399331
2012-06-18 09:10 88.64 88.85 88.22 88.22 45384
2012-06-18 09:20 88.77 88.85 88.54 88.69 26399
2012-06-18 09:30 88.74 88.85 88.56 88.77 33082
2012-06-18 09:40 88.83 88.84 88.62 88.68 12907
2012-06-18 09:50 89.05 89.05 88.71 88.82 23374
2012-06-18 10:00 89.06 89.26 88.99 89.07 23505
2012-06-18 10:10 89.02 89.12 88.93 89.03 21483
2012-06-18 10:20 88.9 89.07 88.87 88.99 18958
2012-06-18 10:30 88.76 88.87 88.44 88.85 31220
2012-06-18 10:40 88.69 88.83 88.68 88.76 25640
2012-06-18 10:50 88.72 88.8 88.57 88.69 29113
2012-06-18 11:00 88.93 88.98 88.71 88.72 21850
2012-06-18 11:10 88.77 88.95 88.7 88.93 22014
2012-06-18 11:20 88.93 89.04 88.73 88.73 16698
2012-06-18 11:30 88.93 89.08 88.76 88.93 28170
2012-06-18 11:40 88.88 89.01 88.77 88.92 14944
2012-06-18 11:50 88.8 88.91 88.7 88.84 14884
2012-06-18 12:00 88.77 88.86 88.66 88.78 15337
2012-06-18 12:10 88.82 88.83 88.62 88.77 16546
2012-06-18 12:20 88.71 88.85 88.69 88.79 16590
2012-06-18 12:30 88.75 88.78 88.69 88.74 9431
2012-06-18 12:40 88.63 88.79 88.51 88.76 12186
2012-06-18 12:50 88.68 88.68 88.5 88.63 6419
2012-06-18 13:00 88.65 88.67 88.58 88.67 13119
2012-06-18 13:10 88.74 88.9 88.54 88.66 18241
2012-06-18 13:20 88.79 88.85 88.6 88.75 7614
2012-06-18 13:30 88.8 88.87 88.73 88.81 6089
2012-06-18 13:40 88.85 88.93 88.77 88.8 7273
2012-06-18 13:50 88.63 88.91 88.5 88.85 18033
2012-06-18 14:00 88.66 88.71 88.63 88.63 7347
2012-06-18 14:10 88.62 88.75 88.58 88.63 11834
2012-06-18 14:20 88.56 88.69 88.49 88.62 10736
2012-06-18 14:30 88.37 88.57 88.3 88.57 11205
2012-06-18 14:40 88.1 88.37 88.1 88.37 20792
2012-06-18 14:50 87.92 88.2 87.88 88.1 25875
2012-06-18 15:00 87.88 88.02 87.84 87.92 16613
2012-06-18 15:10 88.05 88.13 87.9 87.95 24518
2012-06-18 15:20 88.02 88.06 87.98 88.06 6585
2012-06-18 15:30 87.94 88.07 87.91 88.05 9154
2012-06-18 15:40 88.08 88.08 87.71 87.95 13631
2012-06-18 15:50 88.11 88.24 88.08 88.08 6899
2012-06-18 16:00 88.22 88.22 87.98 88.12 10558
2012-06-18 16:10 88.21 88.31 88.04 88.18 14767
2012-06-18 16:20 88.5 88.5 88.18 88.23 11381
2012-06-18 16:30 88.35 88.5 88.33 88.46 15003
2012-06-18 16:40 88.21 88.44 88.21 88.36 20523
2012-06-18 16:50 88.35 88.35 88.15 88.24 17721
2012-06-18 17:00 87.93 88.4 87.88 88.36 19191
2012-06-18 17:10 87.75 87.99 87.69 87.96 24753
2012-06-18 17:20 87.79 87.93 87.68 87.76 27084
2012-06-18 17:30 87.98 88.03 87.57 87.78 27969
2012-06-18 17:40 87.95 87.95 87.95 87.95 138255
2012-06-19 09:10 88.83 88.86 87.86 87.86 43533
2012-06-19 09:20 88.54 88.91 88.5 88.83 27823
2012-06-19 09:30 88.36 88.69 88.36 88.5 21749
2012-06-19 09:40 88.52 88.64 88.26 88.31 12188
2012-06-19 09:50 88.58 88.67 88.52 88.52 7662
2012-06-19 10:00 88.46 88.64 88.32 88.53 12827
2012-06-19 10:10 88.17 88.5 88.1 88.46 21952
2012-06-19 10:20 88.3 88.36 88.04 88.15 17265
2012-06-19 10:30 88.08 88.31 88.02 88.31 16647
2012-06-19 10:40 88.16 88.25 88.07 88.07 6626
2012-06-19 10:50 88.28 88.3 88.11 88.17 12221
2012-06-19 11:00 88.3 88.59 88.3 88.3 19855
2012-06-19 11:10 88.27 88.39 88.1 88.24 28068
2012-06-19 11:20 88.07 88.33 88.02 88.16 18838
2012-06-19 11:30 88.04 88.22 88.0 88.1 19984
2012-06-19 11:40 87.88 88.09 87.84 88.05 25181
2012-06-19 11:50 87.77 87.9 87.73 87.88 15356
2012-06-19 12:00 87.69 87.8 87.68 87.79 10119
2012-06-19 12:10 87.77 87.86 87.69 87.72 7077
2012-06-19 12:20 87.81 87.83 87.7 87.79 10445
2012-06-19 12:30 87.75 87.87 87.72 87.83 3425
2012-06-19 12:40 87.77 87.8 87.61 87.75 15392
2012-06-19 12:50 87.73 87.74 87.65 87.74 5246
2012-06-19 13:00 87.76 87.79 87.67 87.72 7523
2012-06-19 13:10 87.95 87.97 87.79 87.79 8440
2012-06-19 13:20 88.01 88.06 87.87 87.92 7536
2012-06-19 13:30 88.02 88.14 87.96 88.04 11799
2012-06-19 13:40 87.94 88.04 87.91 88.04 2148
2012-06-19 13:50 88.12 88.17 87.89 87.92 11639
2012-06-19 14:00 88.12 88.28 88.09 88.13 8143
2012-06-19 14:10 88.12 88.12 87.94 88.08 6921
2012-06-19 14:20 88.16 88.2 88.11 88.19 3188
2012-06-19 14:30 88.18 88.19 88.03 88.17 3752
2012-06-19 14:40 87.92 88.17 87.89 88.09 2811
2012-06-19 14:50 87.86 87.93 87.79 87.83 8871
2012-06-19 15:00 87.9 87.96 87.82 87.87 7565
2012-06-19 15:10 88.14 88.17 87.84 87.88 13489
2012-06-19 15:20 88.09 88.18 88.09 88.18 4523
2012-06-19 15:30 88.11 88.13 88.04 88.09 5415
2012-06-19 15:40 87.81 88.11 87.8 88.11 16163
2012-06-19 15:50 88.08 88.08 87.73 87.82 8721
2012-06-19 16:00 88.2 88.21 88.09 88.13 9340
2012-06-19 16:10 88.25 88.31 88.24 88.26 8463
2012-06-19 16:20 88.53 88.58 88.25 88.25 8847
2012-06-19 16:30 88.64 88.71 88.55 88.55 11061
2012-06-19 16:40 88.65 88.76 88.61 88.61 14513
2012-06-19 16:50 88.68 88.68 88.58 88.65 7142
2012-06-19 17:00 88.97 89.0 88.71 88.71 22483
2012-06-19 17:10 88.79 89.05 88.7 88.97 28770
2012-06-19 17:20 88.81 88.9 88.75 88.78 19067
2012-06-19 17:30 88.8 88.84 88.74 88.79 21481
2012-06-19 17:40 88.99 88.99 88.99 88.99 198651
2012-06-20 09:10 89.06 89.18 88.89 89.08 24494
2012-06-20 09:20 89.01 89.22 88.95 89.08 11862
2012-06-20 09:30 88.88 89.1 88.85 88.97 17248
2012-06-20 09:40 88.62 88.91 88.49 88.91 10451
2012-06-20 09:50 88.48 88.69 88.43 88.59 11586
2012-06-20 10:00 88.25 88.55 88.25 88.47 12277
2012-06-20 10:10 88.44 88.46 88.19 88.25 15966
2012-06-20 10:20 88.3 88.48 88.23 88.43 7486
2012-06-20 10:30 88.27 88.34 88.18 88.32 6479
2012-06-20 10:40 88.21 88.28 88.1 88.27 27781
2012-06-20 10:50 88.27 88.35 88.17 88.21 17711
2012-06-20 11:00 88.38 88.38 88.2 88.28 9806
2012-06-20 11:10 88.27 88.43 88.26 88.43 5855
2012-06-20 11:20 88.23 88.47 88.23 88.31 4905
2012-06-20 11:30 88.2 88.33 88.2 88.27 10425
2012-06-20 11:40 88.06 88.26 88.05 88.19 8349
2012-06-20 11:50 88.14 88.14 88.05 88.05 6444
2012-06-20 12:00 88.27 88.32 88.14 88.15 8350
2012-06-20 12:10 88.14 88.31 88.14 88.27 4548
2012-06-20 12:20 88.17 88.24 88.11 88.17 6749
2012-06-20 12:30 88.14 88.23 88.03 88.16 10872
2012-06-20 12:40 88.19 88.28 88.12 88.17 11052
2012-06-20 12:50 88.27 88.28 88.16 88.19 7538
2012-06-20 13:00 88.3 88.34 88.21 88.29 2950
2012-06-20 13:10 88.37 88.39 88.25 88.29 5573
2012-06-20 13:20 88.42 88.45 88.3 88.35 8468
2012-06-20 13:30 88.6 88.64 88.43 88.45 9676
2012-06-20 13:40 88.68 88.72 88.57 88.58 17125
2012-06-20 13:50 88.57 88.68 88.53 88.68 7526
2012-06-20 14:00 88.45 88.61 88.45 88.59 8047
2012-06-20 14:10 88.37 88.44 88.3 88.44 7444
2012-06-20 14:20 88.53 88.53 88.37 88.37 1877
2012-06-20 14:30 88.41 88.55 88.41 88.54 5834
2012-06-20 14:40 88.52 88.53 88.37 88.41 3360
2012-06-20 14:50 88.39 88.59 88.36 88.55 6295
2012-06-20 15:00 88.38 88.45 88.35 88.38 8720
2012-06-20 15:10 88.36 88.47 88.34 88.39 8070
2012-06-20 15:20 88.38 88.4 88.31 88.39 8760
2012-06-20 15:30 88.54 88.57 88.38 88.38 9962
2012-06-20 15:40 88.45 88.55 88.41 88.55 14331
2012-06-20 15:50 88.53 88.55 88.42 88.46 5453
2012-06-20 16:00 88.59 88.65 88.52 88.53 7568
2012-06-20 16:10 88.61 88.65 88.55 88.6 12239
2012-06-20 16:20 88.57 88.68 88.56 88.59 38875
2012-06-20 16:30 88.7 88.76 88.57 88.57 27097
2012-06-20 16:40 88.6 88.72 88.58 88.63 15716
2012-06-20 16:50 88.68 88.73 88.56 88.6 12497
2012-06-20 17:00 88.62 88.7 88.56 88.68 11564
2012-06-20 17:10 88.62 88.68 88.6 88.6 7892
2012-06-20 17:20 88.65 88.76 88.63 88.63 10265
2012-06-20 17:30 88.66 88.68 88.57 88.67 13246
2012-06-20 17:40 88.73 88.73 88.73 88.73 105094
2012-06-21 09:10 88.63 88.8 88.3 88.3 31124
2012-06-21 09:20 88.61 88.78 88.51 88.65 13563
2012-06-21 09:30 88.49 88.85 88.44 88.63 18670
2012-06-21 09:40 88.52 88.67 88.44 88.49 16780
2012-06-21 09:50 88.56 88.56 88.38 88.51 11351
2012-06-21 10:00 88.4 88.54 88.33 88.49 13707
2012-06-21 10:10 88.47 88.5 88.33 88.39 23009
2012-06-21 10:20 88.34 88.44 88.2 88.44 10444
2012-06-21 10:30 88.51 88.52 88.3 88.38 5496
2012-06-21 10:40 88.46 88.55 88.46 88.49 9476
2012-06-21 10:50 88.4 88.6 88.38 88.48 11856
2012-06-21 11:00 88.49 88.56 88.32 88.42 11301
2012-06-21 11:10 88.48 88.54 88.45 88.52 9208
2012-06-21 11:20 88.59 88.6 88.45 88.48 8126
2012-06-21 11:30 88.43 88.6 88.38 88.59 12220
2012-06-21 11:40 88.43 88.52 88.39 88.47 10238
2012-06-21 11:50 88.38 88.54 88.37 88.45 7486
2012-06-21 12:00 88.35 88.42 88.32 88.38 9036
2012-06-21 12:10 88.45 88.45 88.35 88.37 5164
2012-06-21 12:20 88.39 88.43 88.35 88.41 6733
2012-06-21 12:30 88.39 88.44 88.35 88.39 4509
2012-06-21 12:40 88.37 88.39 88.35 88.39 1755
2012-06-21 12:50 88.26 88.38 88.21 88.37 5876
2012-06-21 13:00 88.33 88.33 88.21 88.26 3495
2012-06-21 13:10 88.4 88.4 88.27 88.3 6743
2012-06-21 13:20 88.42 88.54 88.39 88.42 17561
2012-06-21 13:30 88.52 88.55 88.41 88.47 10093
2012-06-21 13:40 88.56 88.6 88.51 88.54 5907
2012-06-21 13:50 88.77 88.85 88.49 88.55 17406
2012-06-21 14:00 88.75 88.79 88.65 88.79 10117
2012-06-21 14:10 88.9 88.99 88.75 88.77 13392
2012-06-21 14:20 88.76 88.86 88.68 88.86 11105
2012-06-21 14:30 88.79 88.85 88.71 88.77 4547
2012-06-21 14:40 88.96 89.0 88.77 88.8 20745
2012-06-21 14:50 89.13 89.14 88.89 88.93 25802
2012-06-21 15:00 89.02 89.17 88.91 89.14 9323
2012-06-21 15:10 89.06 89.17 89.0 89.0 23461
2012-06-21 15:20 89.3 89.35 89.04 89.06 24188
2012-06-21 15:30 89.52 89.55 89.32 89.34 27383
2012-06-21 15:40 89.46 89.65 89.42 89.52 28827
2012-06-21 15:50 89.38 89.44 89.34 89.38 7680
2012-06-21 16:00 89.5 89.52 89.39 89.39 7878
2012-06-21 16:10 89.27 89.4 89.1 89.29 15722
2012-06-21 16:20 89.32 89.36 89.18 89.24 6079
2012-06-21 16:30 89.38 89.4 89.25 89.31 16511
