Date, Close, High, Low, Open, Volume
13/Jun/2012-09:10:00 24.56 24.69 24.305 24.515 70961
13/Jun/2012-09:20:00 24.615 24.645 24.515 24.585 16425
13/Jun/2012-09:30:00 24.415 24.595 24.39 24.585 36950
13/Jun/2012-09:40:00 24.265 24.405 24.23 24.405 21872
13/Jun/2012-09:50:00 24.23 24.265 24.18 24.265 50608
13/Jun/2012-10:00:00 24.11 24.25 24.1 24.205 47254
13/Jun/2012-10:10:00 24.015 24.11 23.95 24.11 71425
13/Jun/2012-10:20:00 23.84 24.005 23.83 24.005 68996
13/Jun/2012-10:30:00 23.775 23.9 23.775 23.84 40078
13/Jun/2012-10:40:00 23.48 23.78 23.48 23.77 100488
13/Jun/2012-10:50:00 23.42 23.49 23.335 23.485 129981
13/Jun/2012-11:00:00 23.465 23.515 23.415 23.42 63589
13/Jun/2012-11:10:00 23.305 23.475 23.285 23.465 108184
13/Jun/2012-11:20:00 23.425 23.45 23.305 23.31 47312
13/Jun/2012-11:30:00 23.5 23.5 23.415 23.43 37027
13/Jun/2012-11:40:00 23.35 23.5 23.305 23.495 54198
13/Jun/2012-11:50:00 23.335 23.41 23.3 23.355 97914
13/Jun/2012-12:00:00 23.235 23.335 23.2 23.335 66970
49 322591
12/Jun/2012-10:00:00 24.435 24.59 24.295 24.39 91546
12/Jun/2012-11:00:00 24.495 24.495 24.225 24.425 122897
12/Jun/2012-12:00:00 24.52 24.575 24.38 24.525 91305
12/Jun/2012-13:00:00 24.64 24.685 24.505 24.525 100780
12/Jun/2012-14:00:00 24.52 24.655 24.515 24.645 45482
12/Jun/2012-15:00:00 24.485 24.545 24.415 24.525 47818
12/Jun/2012-16:00:00 24.55 24.625 24.465 24.495 72084
12/Jun/2012-17:00:00 24.34 24.595 24.12 24.54 121678
12/Jun/2012-18:00:00 24.515 24.64 24.32 24.345 299052
13/Jun/2012-10:00:00 24.11 24.69 24.1 24.515 244070
13/Jun/2012-11:00:00 23.465 24.11 23.335 24.11 474557
515 24.56 11193
12/Jun/2012-14:10:00 24.445 24.525 24.425 24.525 9034
12/Jun/2012-14:20:00 24.445 24.47 24.435 24.435 5294
12/Jun/2012-14:30:00 24.515 24.545 24.44 24.44 6593
12/Jun/2012-14:40:00 24.45 24.54 24.45 24.48 7007
12/Jun/2012-14:50:00 24.415 24.485 24.415 24.44 8336
12/Jun/2012-15:00:00 24.485 24.5 24.425 24.44 11554
12/Jun/2012-15:10:00 24.56 24.615 24.495 24.495 12568
12/Jun/2012-15:20:00 24.57 24.615 24.565 24.57 13636
12/Jun/2012-15:30:00 24.49 24.585 24.485 24.57 13182
12/Jun/2012-15:40:00 24.5 24.57 24.465 24.485 13066
12/Jun/2012-15:50:00 24.57 24.595 24.535 24.545 12031
12/Jun/2012-16:00:00 24.55 24.625 24.55 24.565 7601
12/Jun/2012-16:10:00 24.365 24.595 24.315 24.54 19012
12/Jun/2012-16:20:00 24.28 24.365 24.25 24.365 8597
12/Jun/2012-16:30:00 24.23 24.275 24.205 24.245 17058
12/Jun/2012-16:40:00 24.135 24.24 24.12 24.215 34744
12/Jun/2012-16:50:00 24.31 24.335 24.13 24.13 18432
12/Jun/2012-17:00:00 24.34 24.385 24.29 24.295 23835
12/Jun/2012-17:10:00 24.49 24.505 24.32 24.345 70429
12/Jun/2012-17:20:00 24.515 24.595 24.49 24.49 28375
12/Jun/2012-17:30:00 24.53 24.64 24.515 24.515 31038
12/Jun/2012-17:40:00 24.515 24.515 24.515 24.515 169210
,67095
11 Jun 2012 - 17:30:00,24.415,24.45,24.34,24.45,54939
11 Jun 2012 - 17:40:00,24.405,24.405,24.405,24.405,173582
,24.985,24.91,24.93,15138
07 Jun 2012 - 13:30:00,24.96,25.0,24.95,24.985,13935
07 Jun 2012 - 13:35:00,24.99,24.995,24.95,24.955,25168
07 Jun 2012 - 13:40:00,24.98,24.985,24.945,24.985,9505
07 Jun 2012 - 13:45:00,24.93,24.985,24.885,24.98,13401
07 Jun 2012 - 13:50:00,24.995,25.0,24.96,24.96,12349
07 Jun 2012 - 13:55:00,25.005,25.045,24.985,24.985,16595
07 Jun 2012 - 14:00:00,25.02,25.06,25.01,25.015,15817
07 Jun 2012 - 14:05:00,25.015,25.04,25.0,25.025,10856
07 Jun 2012 - 14:10:00,25.07,25.1,25.01,25.045,15267
07 Jun 2012 - 14:15:00,25.125,25.14,25.07,25.07,10740
07 Jun 2012 - 14:20:00,25.11,25.16,25.105,25.11,12854
07 Jun 2012 - 14:25:00,25.09,25.135,25.09,25.12,5748
07 Jun 2012 - 14:30:00,25.035,25.09,25.035,25.09,9508
07 Jun 2012 - 14:35:00,25.075,25.075,25.005,25.02,13735
07 Jun 2012 - 14:40:00,24.985,25.075,24.985,25.075,7674
07 Jun 2012 - 14:45:00,25.04,25.045,24.995,24.995,8901
07 Jun 2012 - 14:50:00,25.025,25.045,25.01,25.03,8801
07 Jun 2012 - 14:55:00,25.055,25.075,25.035,25.045,6464
07 Jun 2012 - 15:00:00,24.975,25.055,24.97,25.055,19867
07 Jun 2012 - 15:05:00,25.035,25.04,24.96,24.975,8155
07 Jun 2012 - 15:10:00,25.055,25.055,25.02,25.035,15117
07 Jun 2012 - 15:15:00,25.155,25.155,25.02,25.045,30420
07 Jun 2012 - 15:20:00,25.135,25.15,25.11,25.15,6936
07 Jun 2012 - 15:25:00,25.15,25.16,25.105,25.12,23663
07 Jun 2012 - 15:30:00,25.27,25.3,25.155,25.155,44825
07 Jun 2012 - 15:35:00,25.285,25.31,25.265,25.265,27713
07 Jun 2012 - 15:40:00,25.32,25.32,25.275,25.29,14570
07 Jun 2012 - 15:45:00,25.23,25.295,25.23,25.295,3208
07 Jun 2012 - 15:50:00,25.285,25.285,25.24,25.25,10531
07 Jun 2012 - 15:55:00,25.295,25.305,25.26,25.28,11774
07 Jun 2012-16:00:00 25.3 25.335 25.27 25.305 7705
07 Jun 2012 - 16:05:00,25.145,25.32,25.145,25.305,14727
07 Jun 2012 - 16:10:00,25.145,25.225,25.135,25.15,13452
07 Jun 2012 - 16:15:00,25.13,25.14,25.1,25.14,8635
07 Jun 2012 - 16:20:00,24.99,25.105,24.99,25.105,7133
07 Jun 2012 - 16:25:00,25.055,25.06,24.97,24.97,11490
07 Jun 2012 - 16:30:00,25.075,25.12,25.065,25.065,18617
07 Jun 2012 - 16:35:00,24.995,25.08,24.995,25.07,17024
07 Jun 2012 - 16:40:00,24.945,25.03,24.945,24.995,24132
07 Jun 2012 - 16:45:00,24.975,25.005,24.89,24.945,19034
07 Jun 2012 - 16:50:00,24.895,24.96,24.875,24.95,19137
07 Jun 2012 - 16:55:00,24.915,24.93,24.87,24.885,19263
07 Jun 2012 - 17:00:00,24.94,24.94,24.87,24.905,13357
07 Jun 2012 - 17:05:00,24.97,24.985,24.905,24.95,18075
07 Jun 2012 - 17:10:00,24.925,24.98,24.91,24.97,22752
07 Jun 2012 - 17:15:00,24.8,24.91,24.8,24.905,17956
07 Jun 2012 - 17:20:00,24.815,24.86,24.78,24.8,27829
07 Jun 2012 - 17:25:00,24.86,24.89,24.815,24.815,33028
07 Jun 2012 - 17:30:00,24.82,24.86,24.82,24.86,15939
07 Jun 2012 - 17:40:00,24.9,24.9,24.9,24.9,237317
