Date Hour Close High Low Open Volume
2012-06-15 09:10 28.6 28.7 28.475 28.485 526074
2012-06-15 09:20 28.625 28.7 28.575 28.585 377871
2012-06-15 09:30 28.755 28.775 28.63 28.63 300490
2012-06-15 09:40 28.745 28.815 28.54 28.73 296700
2012-06-15 09:50 28.75 28.755 28.68 28.73 171779
2012-06-15 10:00 28.685 28.73 28.62 28.73 232545
2012-06-15 10:10 28.785 28.8 28.645 28.68 202250
2012-06-15 10:20 28.755 28.85 28.74 28.8 173949
2012-06-15 10:30 28.82 28.84 28.72 28.78 91959
2012-06-15 10:40 28.865 28.9 28.765 28.8 347325
2012-06-15 10:50 28.89 28.94 28.84 28.86 233600
2012-06-15 11:00 28.835 28.915 28.83 28.89 212502
2012-06-15 11:10 28.915 28.93 28.835 28.845 137352
2012-06-15 11:20 28.895 28.925 28.84 28.915 163630
2012-06-15 11:30 28.98 29.0 28.815 28.895 405413
2012-06-15 11:40 28.965 29.0 28.95 28.97 232560
2012-06-15 11:50 28.98 29.0 28.905 28.97 389452
2012-06-15 12:00 29.055 29.065 28.91 28.99 2161520
2012-06-15 12:10 29.025 29.09 28.955 29.055 455379
2012-06-15 12:20 28.93 29.05 28.91 29.025 264041
2012-06-15 12:30 29.035 29.07 28.93 28.93 203496
2012-06-15 12:40 29.035 29.075 29.0 29.035 91831
2012-06-15 12:50 29.08 29.1 29.03 29.035 127637
2012-06-15 13:00 29.18 29.2 29.05 29.08 145032
2012-06-15 13:10 29.22 29.27 29.165 29.19 150943
2012-06-15 13:20 29.265 29.31 29.17 29.235 189804
2012-06-15 13:30 29.29 29.29 29.205 29.265 118572
2012-06-15 13:40 29.305 29.325 29.265 29.29 128053
2012-06-15 13:50 29.185 29.32 29.175 29.31 135051
2012-06-15 14:00 29.115 29.18 29.085 29.18 188319
2012-06-15 14:10 29.14 29.22 29.105 29.12 162240
2012-06-15 14:20 29.065 29.16 29.045 29.145 134598
2012-06-15 14:30 29.065 29.15 29.04 29.07 129552
2012-06-15 14:40 29.12 29.13 29.015 29.04 109748
2012-06-15 14:50 29.065 29.145 29.035 29.13 104084
2012-06-15 15:00 29.01 29.115 28.985 29.065 81782
2012-06-15 15:10 29.1 29.125 28.94 29.02 293410
2012-06-15 15:20 29.05 29.14 29.025 29.085 74942
2012-06-15 15:30 29.12 29.135 29.04 29.05 68949
2012-06-15 15:40 29.045 29.175 29.02 29.11 112426
2012-06-15 15:50 29.28 29.285 29.04 29.04 197495
2012-06-15 16:00 29.395 29.42 29.195 29.255 392617
2012-06-15 16:10 29.32 29.425 29.275 29.38 183517
2012-06-15 16:20 29.335 29.42 29.3 29.31 126443
2012-06-15 16:30 29.42 29.42 29.31 29.345 256151
2012-06-15 16:40 29.435 29.48 29.375 29.425 304968
2012-06-15 16:50 29.4 29.46 29.37 29.445 300050
2012-06-15 17:00 29.385 29.445 29.385 29.415 132388
2012-06-15 17:10 29.38 29.42 29.36 29.38 278520
2012-06-15 17:20 29.42 29.445 29.39 29.39 134723
2012-06-15 17:30 29.465 29.475 29.405 29.42 356436
2012-06-15 17:40 29.475 29.475 29.475 29.475 2939331
2012-06-18 09:10 30.39 30.89 30.265 30.745 1132833
2012-06-18 09:20 30.295 30.41 30.07 30.375 586722
2012-06-18 09:30 29.91 30.3 29.845 30.295 352396
2012-06-18 09:40 30.12 30.14 29.865 29.905 223512
2012-06-18 09:50 29.61 30.15 29.61 30.14 305613
2012-06-18 10:00 29.765 29.875 29.56 29.61 271854
2012-06-18 10:10 29.38 29.78 29.36 29.77 277282
2012-06-18 10:20 29.21 29.41 29.165 29.38 247976
2012-06-18 10:30 28.95 29.205 28.845 29.185 346401
2012-06-18 10:40 28.725 28.975 28.51 28.95 364261
2012-06-18 10:50 28.895 28.94 28.715 28.715 228319
2012-06-18 11:00 29.105 29.105 28.855 28.9 273979
2012-06-18 11:10 28.94 29.125 28.905 29.115 188341
2012-06-18 11:20 29.065 29.14 28.935 28.945 135034
2012-06-18 11:30 28.975 29.09 28.945 29.07 171963
2012-06-18 11:40 29.04 29.11 28.97 28.98 111568
2012-06-18 11:50 29.01 29.065 28.95 29.03 70216
2012-06-18 12:00 29.05 29.075 28.9 29.01 129937
2012-06-18 12:10 29.07 29.075 28.935 29.055 80384
2012-06-18 12:20 28.995 29.09 28.955 29.075 173371
2012-06-18 12:30 29.05 29.075 28.925 29.0 109894
2012-06-18 12:40 28.91 29.08 28.88 29.06 111332
2012-06-18 12:50 28.865 28.925 28.73 28.905 141570
2012-06-18 13:00 28.73 28.87 28.73 28.865 93827
2012-06-18 13:10 28.635 28.78 28.56 28.735 325811
2012-06-18 13:20 28.67 28.705 28.515 28.63 204843
2012-06-18 13:30 28.6 28.71 28.545 28.67 79028
2012-06-18 13:40 28.66 28.705 28.56 28.6 89726
2012-06-18 13:50 28.49 28.7 28.475 28.655 186902
2012-06-18 14:00 28.405 28.57 28.405 28.485 196971
2012-06-18 14:10 28.485 28.55 28.405 28.41 221439
2012-06-18 14:20 28.47 28.565 28.4 28.49 108699
2012-06-18 14:30 28.49 28.545 28.375 28.47 231525
2012-06-18 14:40 28.35 28.52 28.285 28.49 204065
2012-06-18 14:50 28.195 28.385 28.175 28.35 350969
2012-06-18 15:00 28.38 28.425 28.19 28.2 240690
2012-06-18 15:10 28.455 28.49 28.34 28.38 98093
2012-06-18 15:20 28.375 28.475 28.335 28.455 59558
2012-06-18 15:30 28.38 28.38 28.28 28.365 88424
2012-06-18 15:40 28.54 28.54 28.31 28.37 133516
2012-06-18 15:50 28.435 28.575 28.435 28.53 88927
2012-06-18 16:00 28.465 28.465 28.33 28.435 83035
2012-06-18 16:10 28.38 28.505 28.37 28.465 96587
2012-06-18 16:20 28.515 28.515 28.35 28.37 171839
2012-06-18 16:30 28.525 28.56 28.435 28.515 122027
2012-06-18 16:40 28.585 28.605 28.525 28.535 139189
2012-06-18 16:50 28.595 28.605 28.5 28.575 125822
2012-06-18 17:00 28.34 28.65 28.32 28.605 180886
2012-06-18 17:10 28.215 28.365 28.185 28.36 223219
2012-06-18 17:20 28.15 28.27 28.145 28.215 314434
2012-06-18 17:30 28.12 28.15 28.06 28.15 270365
2012-06-18 17:40 28.17 28.17 28.17 28.17 949506
2012-06-19 09:10 28.09 28.5 28.055 28.26 318646
2012-06-19 09:20 28.115 28.5 28.05 28.095 463476
2012-06-19 09:30 28.0 28.195 27.985 28.105 277537
2012-06-19 09:40 28.255 28.36 27.99 28.01 302169
2012-06-19 09:50 28.085 28.25 28.08 28.25 137194
2012-06-19 10:00 27.865 28.08 27.775 28.08 206753
2012-06-19 10:10 27.58 27.925 27.535 27.865 228060
2012-06-19 10:20 27.765 27.825 27.57 27.6 213617
2012-06-19 10:30 27.73 27.775 27.605 27.765 111928
2012-06-19 10:40 27.775 27.855 27.7 27.7 96748
2012-06-19 10:50 27.78 27.81 27.705 27.755 134015
2012-06-19 11:00 27.825 27.94 27.78 27.78 115800
2012-06-19 11:10 28.04 28.16 27.73 27.83 187710
2012-06-19 11:20 28.13 28.22 28.0 28.02 151430
2012-06-19 11:30 28.34 28.37 28.125 28.13 142081
2012-06-19 11:40 28.205 28.345 28.155 28.34 85839
2012-06-19 11:50 28.205 28.29 28.09 28.2 131640
2012-06-19 12:00 28.13 28.215 28.09 28.205 48549
2012-06-19 12:10 28.15 28.27 28.12 28.125 67557
2012-06-19 12:20 28.115 28.195 28.08 28.165 74061
2012-06-19 12:30 28.14 28.155 28.065 28.135 38185
2012-06-19 12:40 28.085 28.145 28.01 28.125 85574
2012-06-19 12:50 28.145 28.16 28.055 28.08 45029
2012-06-19 13:00 28.17 28.19 28.1 28.15 29771
2012-06-19 13:10 28.225 28.29 28.17 28.18 45878
2012-06-19 13:20 28.215 28.255 28.185 28.225 43730
2012-06-19 13:30 28.235 28.28 28.195 28.215 95951
2012-06-19 13:40 28.2 28.27 28.185 28.245 37952
2012-06-19 13:50 28.255 28.285 28.195 28.205 69184
2012-06-19 14:00 28.25 28.32 28.2 28.27 68755
2012-06-19 14:10 28.27 28.275 28.165 28.25 48519
2012-06-19 14:20 28.245 28.29 28.17 28.275 48423
2012-06-19 14:30 28.185 28.24 28.17 28.24 29840
2012-06-19 14:40 28.18 28.23 28.145 28.175 39474
2012-06-19 14:50 28.165 28.21 28.125 28.18 48680
2012-06-19 15:00 28.17 28.25 28.17 28.185 26001
2012-06-19 15:10 28.335 28.34 28.15 28.165 191236
2012-06-19 15:20 28.345 28.385 28.32 28.335 155354
2012-06-19 15:30 28.35 28.4 28.34 28.355 78701
2012-06-19 15:40 28.39 28.43 28.33 28.355 95466
2012-06-19 15:50 28.405 28.43 28.345 28.39 39986
2012-06-19 16:00 28.55 28.56 28.425 28.425 86721
2012-06-19 16:10 28.55 28.64 28.525 28.565 115102
2012-06-19 16:20 28.78 28.79 28.55 28.55 125463
2012-06-19 16:30 28.605 28.84 28.59 28.785 199255
2012-06-19 16:40 28.65 28.745 28.585 28.61 156831
2012-06-19 16:50 28.625 28.66 28.575 28.65 147946
2012-06-19 17:00 28.96 28.97 28.615 28.625 220080
2012-06-19 17:10 28.97 29.01 28.935 28.97 287276
2012-06-19 17:20 28.905 29.0 28.905 28.975 179451
2012-06-19 17:30 28.885 28.93 28.87 28.905 181262
2012-06-19 17:40 28.93 28.93 28.93 28.93 840202
2012-06-20 09:10 28.995 29.25 28.93 29.15 376144
2012-06-20 09:20 29.125 29.415 28.985 29.0 257623
2012-06-20 09:30 29.31 29.375 29.105 29.105 151117
2012-06-20 09:40 29.415 29.44 29.28 29.31 216241
2012-06-20 09:50 29.375 29.455 29.295 29.41 209719
2012-06-20 10:00 29.26 29.395 29.245 29.375 144871
2012-06-20 10:10 29.355 29.375 29.18 29.24 152909
2012-06-20 10:20 29.325 29.43 29.26 29.365 75393
2012-06-20 10:30 29.31 29.41 29.31 29.315 27967
2012-06-20 10:40 29.495 29.495 29.26 29.305 122010
2012-06-20 10:50 29.49 29.555 29.445 29.495 154082
2012-06-20 11:00 29.535 29.54 29.44 29.485 62770
2012-06-20 11:10 29.555 29.6 29.48 29.535 91561
2012-06-20 11:20 29.535 29.63 29.535 29.57 106130
2012-06-20 11:30 29.54 29.57 29.48 29.535 98747
2012-06-20 11:40 29.44 29.605 29.44 29.55 133741
2012-06-20 11:50 29.455 29.525 29.415 29.44 78516
2012-06-20 12:00 29.45 29.49 29.42 29.45 86075
2012-06-20 12:10 29.43 29.49 29.42 29.45 36824
2012-06-20 12:20 29.295 29.425 29.285 29.42 78042
2012-06-20 12:30 29.21 29.33 29.2 29.31 98616
2012-06-20 12:40 29.24 29.275 29.19 29.215 45496
2012-06-20 12:50 29.31 29.315 29.2 29.245 67692
2012-06-20 13:00 29.355 29.38 29.31 29.31 66883
2012-06-20 13:10 29.355 29.375 29.325 29.35 22368
2012-06-20 13:20 29.335 29.35 29.27 29.345 42963
2012-06-20 13:30 29.42 29.475 29.34 29.34 120046
2012-06-20 13:40 29.43 29.51 29.4 29.435 56819
2012-06-20 13:50 29.41 29.48 29.375 29.415 39008
2012-06-20 14:00 29.395 29.415 29.375 29.405 14365
2012-06-20 14:10 29.39 29.415 29.335 29.395 39165
2012-06-20 14:20 29.445 29.45 29.355 29.375 18548
2012-06-20 14:30 29.41 29.475 29.4 29.45 31001
2012-06-20 14:40 29.45 29.46 29.36 29.41 45085
2012-06-20 14:50 29.37 29.47 29.35 29.465 21165
2012-06-20 15:00 29.35 29.4 29.335 29.37 17535
2012-06-20 15:10 29.345 29.4 29.325 29.365 37896
2012-06-20 15:20 29.335 29.375 29.285 29.35 162421
2012-06-20 15:30 29.44 29.46 29.34 29.345 34327
2012-06-20 15:40 29.395 29.46 29.345 29.455 61768
2012-06-20 15:50 29.35 29.435 29.325 29.385 22468
2012-06-20 16:00 29.465 29.465 29.345 29.345 73284
2012-06-20 16:10 29.525 29.53 29.445 29.46 72308
2012-06-20 16:20 29.565 29.645 29.495 29.52 99593
2012-06-20 16:30 29.65 29.72 29.575 29.58 296535
2012-06-20 16:40 29.64 29.715 29.61 29.65 238864
2012-06-20 16:50 29.505 29.65 29.505 29.635 159436
2012-06-20 17:00 29.545 29.61 29.505 29.515 112763
2012-06-20 17:10 29.54 29.59 29.515 29.54 97367
2012-06-20 17:20 29.555 29.61 29.51 29.55 141710
2012-06-20 17:30 29.62 29.635 29.555 29.565 149941
2012-06-20 17:40 29.62 29.62 29.62 29.62 648258
2012-06-21 09:10 29.57 29.625 29.3 29.445 343273
2012-06-21 09:20 29.4 29.625 29.315 29.595 125946
2012-06-21 09:30 29.2 29.44 29.15 29.38 228265
2012-06-21 09:40 29.14 29.37 29.11 29.2 126744
2012-06-21 09:50 29.06 29.2 29.01 29.14 124002
2012-06-21 10:00 29.015 29.085 28.975 29.06 132554
2012-06-21 10:10 29.255 29.255 28.985 29.005 91214
2012-06-21 10:20 29.225 29.245 29.09 29.245 87190
2012-06-21 10:30 29.305 29.305 29.145 29.23 73859
2012-06-21 10:40 29.32 29.39 29.24 29.3 68791
2012-06-21 10:50 29.345 29.445 29.275 29.35 115793
2012-06-21 11:00 29.475 29.485 29.305 29.335 65001
2012-06-21 11:10 29.44 29.48 29.39 29.48 99835
2012-06-21 11:20 29.59 29.6 29.385 29.43 100734
2012-06-21 11:30 29.77 29.785 29.555 29.59 339046
2012-06-21 11:40 29.695 29.8 29.62 29.77 258213
2012-06-21 11:50 29.72 29.78 29.68 29.68 58493
2012-06-21 12:00 29.8 29.81 29.705 29.72 161953
2012-06-21 12:10 29.675 29.805 29.63 29.8 54140
2012-06-21 12:20 29.6 29.675 29.54 29.675 57201
2012-06-21 12:30 29.725 29.73 29.595 29.605 30904
2012-06-21 12:40 29.73 29.735 29.705 29.725 14890
2012-06-21 12:50 29.72 29.74 29.65 29.735 23410
2012-06-21 13:00 29.72 29.745 29.65 29.71 39969
2012-06-21 13:10 29.785 29.785 29.7 29.71 28659
2012-06-21 13:20 29.93 29.94 29.755 29.775 104933
2012-06-21 13:30 29.95 29.99 29.9 29.94 141339
2012-06-21 13:40 29.97 29.995 29.925 29.95 75529
2012-06-21 13:50 30.15 30.18 29.92 29.98 174967
2012-06-21 14:00 30.07 30.16 30.025 30.145 56661
2012-06-21 14:10 30.18 30.23 30.055 30.075 111911
2012-06-21 14:20 30.1 30.19 30.05 30.165 85778
2012-06-21 14:30 30.085 30.1 30.03 30.095 44758
2012-06-21 14:40 30.135 30.185 30.06 30.1 93741
2012-06-21 14:50 30.19 30.29 30.1 30.13 178643
2012-06-21 15:00 30.015 30.185 30.0 30.18 480163
2012-06-21 15:10 30.045 30.08 29.995 30.015 129577
2012-06-21 15:20 30.175 30.25 30.035 30.05 103936
2012-06-21 15:30 30.24 30.25 30.13 30.165 106311
2012-06-21 15:40 30.1 30.25 30.1 30.235 164596
2012-06-21 15:50 30.095 30.11 30.015 30.095 75922
2012-06-21 16:00 30.05 30.145 30.05 30.1 81022
2012-06-21 16:10 29.79 30.02 29.745 29.995 133921
2012-06-21 16:20 29.775 29.88 29.76 29.795 84724
2012-06-21 16:30 29.65 29.785 29.6 29.76 80853
