Date Hour Close High Low Open Volume
2012-06-13 09:10 52.21 52.28 51.93 52.01 62231
2012-06-13 09:20 52.28 52.32 52.18 52.22 27055
2012-06-13 09:30 52.26 52.3 52.19 52.3 12253
2012-06-13 09:40 52.2 52.28 52.15 52.26 27888
2012-06-13 09:50 52.19 52.23 52.16 52.2 13274
2012-06-13 10:00 52.13 52.19 52.13 52.18 9588
2012-06-13 10:10 52.24 52.24 52.07 52.14 27890
2012-06-13 10:20 52.2 52.23 52.14 52.23 44225
2012-06-13 10:30 52.1 52.2 52.1 52.18 20451
2012-06-13 10:40 52.14 52.16 52.08 52.1 17429
2012-06-13 10:50 52.06 52.16 51.97 52.13 26732
2012-06-13 11:00 52.01 52.08 51.99 52.08 8316
2012-06-13 11:10 52.06 52.07 52.0 52.01 20876
2012-06-13 11:20 52.11 52.13 52.05 52.05 8740
2012-06-13 11:30 52.09 52.14 52.07 52.12 9529
2012-06-13 11:40 51.94 52.08 51.89 52.08 39359
2012-06-13 11:50 51.99 51.99 51.9 51.94 12944
2012-06-13 12:00 51.91 51.99 51.87 51.99 14317
2012-06-13 12:10 52.03 52.03 51.88 51.9 16490
2012-06-13 12:20 52.0 52.08 51.97 52.03 11527
2012-06-13 12:30 52.0 52.03 51.99 52.0 9302
2012-06-13 12:40 51.97 52.02 51.95 52.01 11108
2012-06-13 12:50 51.94 51.98 51.9 51.97 6682
2012-06-13 13:00 51.97 51.98 51.93 51.93 9354
2012-06-13 13:10 51.97 52.01 51.94 51.98 8673
2012-06-13 13:20 51.89 52.0 51.89 52.0 7486
2012-06-13 13:30 51.94 51.95 51.83 51.9 18236
2012-06-13 13:40 52.02 52.04 51.94 51.95 21780
2012-06-13 13:50 52.12 52.15 52.03 52.03 47978
2012-06-13 14:00 52.11 52.12 52.06 52.12 12646
2012-06-13 14:10 52.12 52.14 52.1 52.1 8009
2012-06-13 14:20 52.09 52.14 52.06 52.13 9679
2012-06-13 14:30 52.07 52.14 52.07 52.09 15458
2012-06-13 14:40 52.17 52.18 52.03 52.03 35766
2012-06-13 14:50 52.06 52.19 52.03 52.16 29424
2012-06-13 15:00 52.07 52.09 52.05 52.06 13785
2012-06-13 15:10 52.01 52.06 51.97 52.05 25241
2012-06-13 15:20 51.97 52.01 51.9 51.99 32424
2012-06-13 15:30 51.97 52.01 51.97 52.0 18636
2012-06-13 15:40 51.9 51.96 51.87 51.96 39960
2012-06-13 15:50 51.93 52.0 51.88 51.89 13615
2012-06-13 16:00 51.84 51.92 51.78 51.92 17923
2012-06-13 16:10 51.92 51.93 51.82 51.83 29686
2012-06-13 16:20 51.9 52.0 51.88 51.93 24929
2012-06-13 16:30 51.87 51.95 51.84 51.92 17723
2012-06-13 16:40 51.95 51.95 51.85 51.88 23359
2012-06-13 16:50 51.9 51.96 51.88 51.94 17226
2012-06-13 17:00 51.94 52.0 51.87 51.91 21675
2012-06-13 17:10 51.78 51.94 51.77 51.93 43675
2012-06-13 17:20 51.85 51.88 51.7 51.78 51726
2012-06-13 17:30 51.84 51.91 51.82 51.85 35130
2012-06-13 17:40 51.97 51.97 51.97 51.97 320185
2012-06-14 09:10 52.17 52.19 51.66 51.66 57802
2012-06-14 09:20 52.16 52.16 52.06 52.13 20451
2012-06-14 09:30 52.18 52.28 52.16 52.17 30825
2012-06-14 09:40 52.3 52.33 52.12 52.21 33653
2012-06-14 09:50 52.2 52.27 52.14 52.27 16367
2012-06-14 10:00 52.14 52.24 52.12 52.19 24840
2012-06-14 10:10 52.05 52.16 52.0 52.15 30808
2012-06-14 10:20 52.12 52.17 52.01 52.04 34127
2012-06-14 10:30 52.03 52.14 52.02 52.09 24331
2012-06-14 10:40 51.94 52.04 51.92 52.0 15146
2012-06-14 10:50 51.85 51.96 51.84 51.92 55650
2012-06-14 11:00 51.86 51.91 51.79 51.88 17588
2012-06-14 11:10 51.9 52.0 51.83 51.83 9752
2012-06-14 11:20 51.96 52.05 51.92 51.93 10657
2012-06-14 11:30 51.98 52.04 51.94 51.96 27804
2012-06-14 11:40 52.01 52.03 51.95 51.95 12103
2012-06-14 11:50 51.94 52.01 51.9 51.99 26136
2012-06-14 12:00 51.96 51.98 51.91 51.91 14914
2012-06-14 12:10 51.89 52.05 51.88 51.96 13549
2012-06-14 12:20 51.93 51.99 51.86 51.87 9980
2012-06-14 12:30 52.08 52.1 51.92 51.94 20486
2012-06-14 12:40 52.15 52.21 52.05 52.06 26080
2012-06-14 12:50 52.12 52.21 52.08 52.15 29545
2012-06-14 13:00 52.06 52.11 52.04 52.11 9091
2012-06-14 13:10 52.09 52.14 52.05 52.05 28627
2012-06-14 13:20 52.07 52.08 52.03 52.08 11161
2012-06-14 13:30 51.98 52.05 51.98 52.05 9208
2012-06-14 13:40 51.96 52.04 51.93 51.97 18996
2012-06-14 13:50 51.99 52.01 51.9 51.95 17560
2012-06-14 14:00 52.06 52.08 51.97 51.99 20770
2012-06-14 14:10 52.04 52.08 52.0 52.04 16275
2012-06-14 14:20 52.09 52.1 52.01 52.05 18271
2012-06-14 14:30 51.95 52.16 51.95 52.1 13497
2012-06-14 14:40 52.0 52.07 51.95 51.95 31277
2012-06-14 14:50 52.01 52.06 51.99 52.01 36019
2012-06-14 15:00 52.15 52.18 52.03 52.03 21304
2012-06-14 15:10 52.14 52.2 52.12 52.13 11085
2012-06-14 15:20 52.1 52.15 52.06 52.11 13250
2012-06-14 15:30 52.01 52.11 51.99 52.11 29744
2012-06-14 15:40 52.14 52.18 52.0 52.02 37271
2012-06-14 15:50 52.1 52.18 52.09 52.13 29097
2012-06-14 16:00 52.21 52.21 52.07 52.11 21624
2012-06-14 16:10 52.21 52.28 52.15 52.2 82187
2012-06-14 16:20 52.15 52.27 52.14 52.23 18066
2012-06-14 16:30 52.23 52.26 52.14 52.14 15808
2012-06-14 16:40 52.25 52.28 52.19 52.24 29047
2012-06-14 16:50 52.29 52.34 52.23 52.24 32508
2012-06-14 17:00 52.34 52.35 52.27 52.27 25723
2012-06-14 17:10 52.21 52.34 52.21 52.34 25119
2012-06-14 17:20 52.3 52.34 52.14 52.21 51859
2012-06-14 17:30 52.34 52.37 52.25 52.3 62885
2012-06-14 17:40 52.3 52.3 52.3 52.3 397109
2012-06-15 09:10 52.45 52.6 52.34 52.47 80687
2012-06-15 09:20 52.43 52.53 52.38 52.48 44847
2012-06-15 09:30 52.46 52.53 52.41 52.44 66828
2012-06-15 09:40 52.41 52.51 52.41 52.46 47502
2012-06-15 09:50 52.47 52.48 52.37 52.42 36012
2012-06-15 10:00 52.27 52.45 52.21 52.45 31651
2012-06-15 10:10 52.16 52.3 52.14 52.27 15676
2012-06-15 10:20 52.13 52.2 52.04 52.15 30401
2012-06-15 10:30 52.21 52.21 52.13 52.15 23654
2012-06-15 10:40 52.24 52.26 52.18 52.2 12311
2012-06-15 10:50 52.25 52.33 52.22 52.24 20928
2012-06-15 11:00 52.32 52.32 52.24 52.25 25676
2012-06-15 11:10 52.37 52.39 52.32 52.32 16453
2012-06-15 11:20 52.26 52.43 52.26 52.37 28119
2012-06-15 11:30 52.26 52.26 52.1 52.26 13585
2012-06-15 11:40 52.18 52.34 52.18 52.25 19381
2012-06-15 11:50 52.17 52.3 52.14 52.19 49549
2012-06-15 12:00 52.42 52.7 52.15 52.17 820970
2012-06-15 12:10 52.33 52.44 52.22 52.42 36443
2012-06-15 12:20 52.21 52.36 52.2 52.33 14866
2012-06-15 12:30 52.29 52.34 52.23 52.23 13970
2012-06-15 12:40 52.36 52.36 52.27 52.3 7857
2012-06-15 12:50 52.39 52.42 52.34 52.34 12424
2012-06-15 13:00 52.43 52.45 52.36 52.4 20606
2012-06-15 13:10 52.25 52.41 52.25 52.41 21689
2012-06-15 13:20 52.23 52.26 52.2 52.24 19735
2012-06-15 13:30 52.28 52.29 52.2 52.23 12526
2012-06-15 13:40 52.27 52.31 52.24 52.29 6420
2012-06-15 13:50 52.2 52.28 52.19 52.28 16269
2012-06-15 14:00 52.15 52.23 52.15 52.2 19192
2012-06-15 14:10 52.15 52.17 52.1 52.14 14860
2012-06-15 14:20 52.07 52.15 52.07 52.14 20245
2012-06-15 14:30 52.07 52.19 52.05 52.05 25976
2012-06-15 14:40 52.13 52.13 52.06 52.07 13677
2012-06-15 14:50 52.04 52.09 51.99 52.09 23379
2012-06-15 15:00 52.01 52.06 51.99 52.04 6809
2012-06-15 15:10 52.04 52.07 51.97 52.03 22036
2012-06-15 15:20 52.05 52.08 52.02 52.05 7985
2012-06-15 15:30 52.0 52.05 51.96 52.05 49303
2012-06-15 15:40 52.1 52.12 52.02 52.02 29568
2012-06-15 15:50 52.15 52.19 52.07 52.1 67497
2012-06-15 16:00 52.25 52.3 52.12 52.14 109010
2012-06-15 16:10 52.14 52.31 52.13 52.29 14609
2012-06-15 16:20 52.06 52.15 52.05 52.13 17277
2012-06-15 16:30 52.02 52.05 51.98 52.05 35331
2012-06-15 16:40 52.03 52.06 51.99 52.03 15473
2012-06-15 16:50 52.05 52.07 52.02 52.05 11272
2012-06-15 17:00 52.05 52.1 52.01 52.04 25209
2012-06-15 17:10 51.95 52.07 51.94 52.05 28558
2012-06-15 17:20 51.86 51.97 51.85 51.95 93400
2012-06-15 17:30 51.99 52.02 51.84 51.84 94284
2012-06-15 17:40 52.08 52.08 52.08 52.08 1377827
2012-06-18 09:10 52.18 52.4 52.07 52.25 87026
2012-06-18 09:20 52.32 52.37 52.18 52.2 26347
2012-06-18 09:30 52.33 52.39 52.25 52.3 58606
2012-06-18 09:40 52.38 52.41 52.3 52.33 20750
2012-06-18 09:50 52.57 52.57 52.34 52.35 20043
2012-06-18 10:00 52.49 52.62 52.49 52.57 62318
2012-06-18 10:10 52.49 52.58 52.42 52.51 54383
2012-06-18 10:20 52.49 52.53 52.43 52.49 31275
2012-06-18 10:30 52.42 52.52 52.33 52.46 44535
2012-06-18 10:40 52.25 52.45 52.25 52.43 38702
2012-06-18 10:50 52.32 52.32 52.2 52.25 37770
2012-06-18 11:00 52.23 52.35 52.22 52.32 29637
2012-06-18 11:10 52.12 52.22 52.08 52.22 28470
2012-06-18 11:20 52.19 52.24 52.07 52.1 24797
2012-06-18 11:30 52.18 52.27 52.13 52.17 29326
2012-06-18 11:40 52.17 52.19 52.1 52.19 19270
2012-06-18 11:50 52.16 52.2 52.07 52.17 30683
2012-06-18 12:00 52.08 52.17 52.06 52.15 28482
2012-06-18 12:10 52.07 52.09 51.98 52.08 33429
2012-06-18 12:20 52.07 52.1 52.04 52.06 13210
2012-06-18 12:30 52.05 52.07 52.04 52.06 12460
2012-06-18 12:40 51.93 52.06 51.93 52.05 21477
2012-06-18 12:50 51.99 52.0 51.9 51.93 16902
2012-06-18 13:00 51.99 52.0 51.97 51.99 13646
2012-06-18 13:10 52.03 52.08 51.94 52.0 36956
2012-06-18 13:20 52.14 52.15 52.0 52.07 12889
2012-06-18 13:30 52.12 52.15 52.09 52.15 4276
2012-06-18 13:40 52.14 52.17 52.11 52.12 9857
2012-06-18 13:50 52.01 52.14 51.96 52.13 23778
2012-06-18 14:00 52.0 52.06 51.94 52.02 26085
2012-06-18 14:10 52.1 52.14 51.99 52.0 18796
2012-06-18 14:20 52.05 52.14 52.05 52.11 13059
2012-06-18 14:30 51.95 52.05 51.95 52.05 18139
2012-06-18 14:40 51.9 52.0 51.9 51.95 46412
2012-06-18 14:50 51.81 51.92 51.79 51.89 60063
2012-06-18 15:00 51.87 51.95 51.82 51.83 35167
2012-06-18 15:10 51.99 51.99 51.88 51.88 28985
2012-06-18 15:20 51.99 52.0 51.93 51.97 11939
2012-06-18 15:30 51.97 52.0 51.94 51.98 15452
2012-06-18 15:40 52.07 52.07 51.86 51.95 23681
2012-06-18 15:50 52.08 52.15 52.08 52.08 8503
2012-06-18 16:00 52.12 52.13 52.06 52.09 18577
2012-06-18 16:10 52.1 52.16 52.05 52.12 20762
2012-06-18 16:20 52.07 52.13 51.99 52.12 58333
2012-06-18 16:30 52.02 52.09 51.95 52.07 51828
2012-06-18 16:40 52.06 52.07 51.99 52.01 27797
2012-06-18 16:50 52.07 52.08 52.02 52.07 21241
2012-06-18 17:00 51.96 52.13 51.95 52.08 54484
2012-06-18 17:10 51.83 52.0 51.8 51.96 78944
2012-06-18 17:20 51.75 51.86 51.72 51.84 79833
2012-06-18 17:30 51.86 51.9 51.65 51.76 98721
2012-06-18 17:40 51.83 51.83 51.83 51.83 254172
2012-06-19 09:10 48.955 48.995 48.0 48.2 1005962
2012-06-19 09:20 48.71 48.985 48.615 48.94 330030
2012-06-19 09:30 48.82 48.87 48.635 48.71 324960
2012-06-19 09:40 48.82 48.845 48.735 48.82 210841
2012-06-19 09:50 48.775 48.84 48.72 48.83 169701
2012-06-19 10:00 48.69 48.795 48.58 48.785 213975
2012-06-19 10:10 48.6 48.69 48.54 48.69 215772
2012-06-19 10:20 48.6 48.665 48.575 48.59 170089
2012-06-19 10:30 48.15 48.6 48.13 48.6 446194
2012-06-19 10:40 48.115 48.2 47.95 48.145 213430
2012-06-19 10:50 48.14 48.255 48.11 48.125 182565
2012-06-19 11:00 48.145 48.26 48.085 48.155 185495
2012-06-19 11:10 48.185 48.185 48.03 48.13 150370
2012-06-19 11:20 48.24 48.28 48.145 48.18 142536
2012-06-19 11:30 48.21 48.26 48.145 48.24 94180
2012-06-19 11:40 48.2 48.24 48.165 48.21 67334
2012-06-19 11:50 48.145 48.215 48.13 48.205 77659
2012-06-19 12:00 48.175 48.21 48.12 48.135 51708
2012-06-19 12:10 48.18 48.205 48.155 48.18 54945
2012-06-19 12:20 48.155 48.21 48.12 48.185 89499
2012-06-19 12:30 48.05 48.165 47.99 48.15 108069
2012-06-19 12:40 47.88 48.05 47.84 48.05 130255
2012-06-19 12:50 47.815 47.94 47.81 47.885 76560
2012-06-19 13:00 47.56 47.835 47.545 47.82 123892
2012-06-19 13:10 47.845 47.87 47.515 47.55 167378
2012-06-19 13:20 47.93 47.98 47.815 47.835 141080
2012-06-19 13:30 47.9 47.955 47.86 47.95 97540
2012-06-19 13:40 47.96 47.98 47.885 47.9 60368
2012-06-19 13:50 48.02 48.06 47.955 47.965 114166
2012-06-19 14:00 48.19 48.205 48.015 48.015 75563
2012-06-19 14:10 48.19 48.2 48.085 48.195 44171
2012-06-19 14:20 48.155 48.22 48.1 48.205 78743
2012-06-19 14:30 48.255 48.27 48.135 48.15 88062
2012-06-19 14:40 48.12 48.285 48.105 48.265 119565
2012-06-19 14:50 47.955 48.13 47.95 48.125 98481
2012-06-19 15:00 48.065 48.085 47.975 47.975 53122
2012-06-19 15:10 48.09 48.125 48.05 48.06 135052
2012-06-19 15:20 47.995 48.1 47.995 48.1 152664
2012-06-19 15:30 48.03 48.105 47.96 48.0 97313
2012-06-19 15:40 47.955 48.03 47.955 48.02 91634
2012-06-19 15:50 47.705 47.96 47.675 47.955 133248
2012-06-19 16:00 48.115 48.12 47.735 47.735 127097
2012-06-19 16:10 48.165 48.22 48.08 48.115 131563
2012-06-19 16:20 48.09 48.205 48.09 48.165 158798
2012-06-19 16:30 48.085 48.115 48.02 48.1 190279
2012-06-19 16:40 48.435 48.44 48.08 48.09 169639
2012-06-19 16:50 48.5 48.505 48.375 48.44 112332
2012-06-19 17:00 48.635 48.795 48.495 48.5 230258
2012-06-19 17:10 48.79 48.81 48.575 48.615 236844
2012-06-19 17:20 48.73 48.81 48.685 48.79 210773
2012-06-19 17:30 48.65 48.74 48.585 48.73 182691
2012-06-19 17:40 48.7 48.7 48.7 48.7 1061577
2012-06-20 09:10 48.43 48.695 48.29 48.605 193424
2012-06-20 09:20 48.4 48.47 48.31 48.435 111058
2012-06-20 09:30 48.15 48.42 48.15 48.4 58787
2012-06-20 09:40 47.99 48.175 47.965 48.165 110474
2012-06-20 09:50 47.97 48.0 47.835 47.99 133965
2012-06-20 10:00 47.97 48.09 47.915 47.975 213921
2012-06-20 10:10 48.17 48.19 47.88 47.965 79850
2012-06-20 10:20 48.215 48.245 48.175 48.175 52700
2012-06-20 10:30 48.12 48.22 48.08 48.22 36636
2012-06-20 10:40 48.1 48.16 47.985 48.125 61786
2012-06-20 10:50 48.175 48.21 48.09 48.115 32384
2012-06-20 11:00 48.195 48.315 48.125 48.19 58118
2012-06-20 11:10 48.19 48.24 48.14 48.22 37576
2012-06-20 11:20 48.125 48.19 48.065 48.185 53137
2012-06-20 11:30 48.0 48.15 47.995 48.125 69939
2012-06-20 11:40 47.96 48.035 47.96 47.98 46729
2012-06-20 11:50 47.95 47.965 47.895 47.96 86354
2012-06-20 12:00 47.935 47.99 47.88 47.94 41730
2012-06-20 12:10 47.855 47.94 47.83 47.935 68573
2012-06-20 12:20 47.92 47.985 47.845 47.865 76709
2012-06-20 12:30 47.91 47.95 47.86 47.935 53935
2012-06-20 12:40 48.03 48.03 47.89 47.905 33263
2012-06-20 12:50 47.93 48.065 47.9 48.03 50755
2012-06-20 13:00 47.925 47.98 47.905 47.925 44938
2012-06-20 13:10 47.93 47.97 47.905 47.925 53416
2012-06-20 13:20 48.0 48.02 47.9 47.935 36338
2012-06-20 13:30 47.815 47.995 47.815 47.99 62743
2012-06-20 13:40 47.975 47.99 47.815 47.815 41054
2012-06-20 13:50 47.94 47.99 47.925 47.975 17417
2012-06-20 14:00 47.99 48.015 47.92 47.945 25986
2012-06-20 14:10 47.925 47.98 47.87 47.98 33167
2012-06-20 14:20 48.01 48.01 47.91 47.91 10538
2012-06-20 14:30 47.96 48.01 47.94 48.01 12037
2012-06-20 14:40 47.95 48.02 47.91 47.95 27362
2012-06-20 14:50 47.91 47.995 47.895 47.96 42613
2012-06-20 15:00 47.915 47.94 47.86 47.91 42535
2012-06-20 15:10 47.935 47.985 47.89 47.905 20770
2012-06-20 15:20 47.92 47.935 47.87 47.935 37396
2012-06-20 15:30 47.92 47.97 47.9 47.925 27170
2012-06-20 15:40 47.93 47.94 47.86 47.92 97345
2012-06-20 15:50 47.865 47.955 47.845 47.93 33902
2012-06-20 16:00 47.85 47.935 47.85 47.87 70676
2012-06-20 16:10 47.905 47.915 47.83 47.86 45208
2012-06-20 16:20 47.845 47.91 47.815 47.9 60581
2012-06-20 16:30 47.865 47.88 47.8 47.845 61268
2012-06-20 16:40 47.81 47.9 47.78 47.855 79517
2012-06-20 16:50 47.83 47.855 47.795 47.835 54950
2012-06-20 17:00 47.765 47.84 47.765 47.84 78623
2012-06-20 17:10 47.815 47.84 47.72 47.77 106643
2012-06-20 17:20 47.88 47.89 47.8 47.81 115390
2012-06-20 17:30 47.885 47.925 47.855 47.875 85908
2012-06-20 17:40 47.935 47.935 47.935 47.935 455826
2012-06-21 09:10 48.03 48.07 47.82 47.935 114697
2012-06-21 09:20 48.06 48.075 47.855 48.045 40164
2012-06-21 09:30 48.05 48.245 48.045 48.055 88646
2012-06-21 09:40 48.07 48.175 48.035 48.04 65912
2012-06-21 09:50 47.905 48.07 47.87 48.055 88320
2012-06-21 10:00 47.895 47.925 47.825 47.89 49229
2012-06-21 10:10 47.785 47.895 47.76 47.895 56397
2012-06-21 10:20 47.965 47.965 47.78 47.795 73220
2012-06-21 10:30 47.94 48.025 47.92 47.955 43613
2012-06-21 10:40 47.89 47.955 47.88 47.95 44661
2012-06-21 10:50 48.005 48.03 47.895 47.905 44053
2012-06-21 11:00 47.97 48.06 47.965 48.005 47171
2012-06-21 11:10 47.92 47.98 47.87 47.98 34729
2012-06-21 11:20 47.915 47.955 47.85 47.915 41538
2012-06-21 11:30 47.795 47.915 47.765 47.915 77406
2012-06-21 11:40 47.7 47.8 47.69 47.795 56450
2012-06-21 11:50 47.405 47.7 47.375 47.695 171594
2012-06-21 12:00 47.175 47.41 47.155 47.4 189162
2012-06-21 12:10 47.24 47.345 47.095 47.17 163432
2012-06-21 12:20 47.165 47.26 47.165 47.255 70424
2012-06-21 12:30 47.21 47.21 47.16 47.16 42485
2012-06-21 12:40 47.225 47.25 47.16 47.21 46056
2012-06-21 12:50 47.045 47.24 47.01 47.235 95012
2012-06-21 13:00 46.82 47.08 46.77 47.045 166541
2012-06-21 13:10 47.095 47.105 46.82 46.82 100916
2012-06-21 13:20 47.215 47.23 47.1 47.1 88683
2012-06-21 13:30 47.22 47.245 47.145 47.22 97205
2012-06-21 13:40 47.25 47.265 47.18 47.22 41745
2012-06-21 13:50 47.185 47.26 47.17 47.25 100831
2012-06-21 14:00 47.225 47.23 47.165 47.19 41622
2012-06-21 14:10 47.2 47.25 47.175 47.225 81935
2012-06-21 14:20 47.24 47.245 47.17 47.2 41859
2012-06-21 14:30 47.165 47.255 47.13 47.235 74815
2012-06-21 14:40 47.1 47.18 47.085 47.165 61430
2012-06-21 14:50 47.175 47.22 47.07 47.11 90132
2012-06-21 15:00 47.125 47.25 47.095 47.18 51275
2012-06-21 15:10 47.06 47.13 47.05 47.13 41583
2012-06-21 15:20 47.16 47.215 47.055 47.06 76493
2012-06-21 15:30 47.25 47.25 47.165 47.175 74635
2012-06-21 15:40 47.18 47.26 47.125 47.25 93248
2012-06-21 15:50 47.045 47.205 47.025 47.185 55641
2012-06-21 16:00 47.21 47.21 47.035 47.04 61149
2012-06-21 16:10 47.05 47.185 46.99 47.15 104123
2012-06-21 16:20 47.115 47.15 47.025 47.05 80933
2012-06-21 16:30 47.255 47.29 47.115 47.12 136494
