Date Hour Close High Low Open Volume
2012-06-13 09:00 26.875 26.875 26.875 26.875 15119
2012-06-13 09:10 27.215 27.215 26.855 26.875 98317
2012-06-13 09:20 27.145 27.24 27.145 27.215 41026
2012-06-13 09:30 27.04 27.145 27.015 27.14 108887
2012-06-13 09:40 26.905 27.04 26.9 27.04 130545
2012-06-13 09:50 26.9 26.92 26.88 26.91 39667
2012-06-13 10:00 26.82 26.895 26.82 26.895 37001
2012-06-13 10:10 26.705 26.825 26.705 26.815 43037
2012-06-13 10:20 26.605 26.685 26.535 26.68 42138
2012-06-13 10:30 26.505 26.61 26.505 26.605 28596
2012-06-13 10:40 26.485 26.51 26.47 26.51 12632
2012-06-13 10:50 26.405 26.485 26.375 26.48 16259
2012-06-13 11:00 26.475 26.515 26.4 26.405 28993
2012-06-13 11:10 26.49 26.535 26.475 26.48 28438
2012-06-13 11:20 26.5 26.5 26.475 26.49 21865
2012-06-13 11:30 26.57 26.615 26.505 26.505 52529
2012-06-13 11:40 26.48 26.57 26.455 26.57 28828
2012-06-13 11:50 26.445 26.49 26.435 26.475 12628
2012-06-13 12:00 26.435 26.45 26.41 26.425 16696
2012-06-13 12:10 26.545 26.55 26.43 26.43 20943
2012-06-13 12:20 26.6 26.6 26.54 26.545 12805
2012-06-13 12:30 26.685 26.685 26.605 26.615 14904
2012-06-13 12:40 26.695 26.7 26.665 26.685 13858
2012-06-13 12:50 26.72 26.72 26.665 26.69 13589
2012-06-13 13:00 26.665 26.735 26.66 26.705 7990
2012-06-13 13:10 26.675 26.705 26.655 26.665 10518
2012-06-13 13:20 26.625 26.67 26.6 26.67 9712
2012-06-13 13:30 26.585 26.615 26.54 26.615 18443
2012-06-13 13:40 26.56 26.585 26.53 26.575 17105
2012-06-13 13:50 26.58 26.6 26.535 26.565 21665
2012-06-13 14:00 26.605 26.615 26.57 26.58 12483
2012-06-13 14:10 26.55 26.61 26.545 26.6 14542
2012-06-13 14:20 26.53 26.56 26.515 26.545 12196
2012-06-13 14:30 26.415 26.535 26.415 26.53 19798
2012-06-13 14:40 26.58 26.585 26.425 26.45 50053
2012-06-13 14:50 26.46 26.575 26.44 26.575 28373
2012-06-13 15:00 26.46 26.485 26.45 26.455 17575
2012-06-13 15:10 26.485 26.5 26.45 26.46 38325
2012-06-13 15:20 26.48 26.5 26.445 26.48 30248
2012-06-13 15:30 26.5 26.515 26.455 26.485 22683
2012-06-13 15:40 26.475 26.51 26.46 26.5 31799
2012-06-13 15:50 26.53 26.545 26.46 26.475 25563
2012-06-13 16:00 26.515 26.525 26.465 26.525 21956
2012-06-13 16:10 26.67 26.675 26.52 26.52 66872
2012-06-13 16:20 26.66 26.705 26.62 26.67 28509
2012-06-13 16:30 26.64 26.685 26.615 26.665 23384
2012-06-13 16:40 26.745 26.745 26.64 26.645 32075
2012-06-13 16:50 26.675 26.725 26.655 26.72 24231
2012-06-13 17:00 26.665 26.7 26.655 26.685 18103
2012-06-13 17:10 26.52 26.67 26.52 26.67 32910
2012-06-13 17:20 26.555 26.565 26.48 26.525 67322
2012-06-13 17:30 26.61 26.64 26.555 26.555 36510
2012-06-13 17:40 26.59 26.59 26.59 26.59 403537
2012-06-14 09:10 26.51 26.66 26.48 26.575 26250
2012-06-14 09:20 26.51 26.53 26.325 26.5 22677
2012-06-14 09:30 26.4 26.51 26.4 26.505 13328
2012-06-14 09:40 26.41 26.41 26.335 26.385 30341
2012-06-14 09:50 26.455 26.455 26.365 26.4 15321
2012-06-14 10:00 26.435 26.47 26.415 26.445 13897
2012-06-14 10:10 26.35 26.425 26.29 26.425 71465
2012-06-14 10:20 26.33 26.365 26.285 26.34 15853
2012-06-14 10:30 26.19 26.33 26.18 26.33 33028
2012-06-14 10:40 26.115 26.18 26.11 26.18 23788
2012-06-14 10:50 26.045 26.14 26.045 26.12 27241
2012-06-14 11:00 25.995 26.055 25.98 26.05 25348
2012-06-14 11:10 25.985 26.005 25.965 25.99 16733
2012-06-14 11:20 25.91 26.025 25.91 25.985 41447
2012-06-14 11:30 25.9 25.955 25.895 25.915 23830
2012-06-14 11:40 25.895 25.95 25.87 25.895 22787
2012-06-14 11:50 25.975 25.98 25.85 25.88 38066
2012-06-14 12:00 25.99 26.005 25.925 25.965 29627
2012-06-14 12:10 25.975 26.075 25.975 26.025 19821
2012-06-14 12:20 26.05 26.065 25.965 25.965 14686
2012-06-14 12:30 26.03 26.115 26.015 26.04 36789
2012-06-14 12:40 26.065 26.19 26.03 26.035 41124
2012-06-14 12:50 26.04 26.115 26.04 26.07 7732
2012-06-14 13:00 26.015 26.045 26.015 26.045 15395
2012-06-14 13:10 26.135 26.135 26.01 26.02 22891
2012-06-14 13:20 26.14 26.145 26.075 26.12 6123
2012-06-14 13:30 26.165 26.18 26.12 26.145 10672
2012-06-14 13:40 26.185 26.255 26.17 26.17 20653
2012-06-14 13:50 26.13 26.18 26.13 26.17 6160
2012-06-14 14:00 26.175 26.18 26.1 26.115 12713
2012-06-14 14:10 26.205 26.215 26.18 26.18 6423
2012-06-14 14:20 26.26 26.26 26.205 26.205 11912
2012-06-14 14:30 26.225 26.29 26.225 26.26 11495
2012-06-14 14:40 26.255 26.26 26.18 26.225 25883
2012-06-14 14:50 26.28 26.3 26.255 26.255 8036
2012-06-14 15:00 26.205 26.33 26.205 26.28 37387
2012-06-14 15:10 26.225 26.245 26.21 26.215 18661
2012-06-14 15:20 26.195 26.23 26.18 26.23 13681
2012-06-14 15:30 26.1 26.19 26.1 26.19 16285
2012-06-14 15:40 26.135 26.155 26.075 26.09 8839
2012-06-14 15:50 26.105 26.15 26.085 26.085 6673
2012-06-14 16:00 26.175 26.175 26.085 26.105 11068
2012-06-14 16:10 26.235 26.29 26.195 26.205 39672
2012-06-14 16:20 26.215 26.255 26.2 26.23 17610
2012-06-14 16:30 26.21 26.255 26.19 26.205 26745
2012-06-14 16:40 26.135 26.21 26.135 26.21 44628
2012-06-14 16:50 26.11 26.165 26.1 26.14 39732
2012-06-14 17:00 26.23 26.26 26.115 26.115 28980
2012-06-14 17:10 26.205 26.235 26.17 26.235 27521
2012-06-14 17:20 26.215 26.26 26.18 26.205 43484
2012-06-14 17:30 26.185 26.23 26.16 26.22 53269
2012-06-14 17:40 26.145 26.145 26.145 26.145 352458
2012-06-15 09:10 26.225 26.375 26.15 26.37 50580
2012-06-15 09:20 26.105 26.255 26.105 26.24 28387
2012-06-15 09:30 26.085 26.16 26.045 26.1 37397
2012-06-15 09:40 25.96 26.1 25.95 26.09 45580
2012-06-15 09:50 26.06 26.06 25.955 25.96 26748
2012-06-15 10:00 25.93 26.09 25.93 26.085 22734
2012-06-15 10:10 25.935 25.94 25.89 25.93 38573
2012-06-15 10:20 26.02 26.025 25.92 25.95 33405
2012-06-15 10:30 26.02 26.025 26.0 26.01 33063
2012-06-15 10:40 26.04 26.07 26.0 26.02 6735
2012-06-15 10:50 26.03 26.06 26.005 26.035 12954
2012-06-15 11:00 26.085 26.085 26.01 26.01 29367
2012-06-15 11:10 26.085 26.135 26.05 26.075 24344
2012-06-15 11:20 26.05 26.125 26.05 26.09 32590
2012-06-15 11:30 26.12 26.12 26.055 26.06 19896
2012-06-15 11:40 26.1 26.18 26.08 26.115 59023
2012-06-15 11:50 26.09 26.14 26.06 26.095 14418
2012-06-15 12:00 26.015 26.135 25.985 26.105 90678
2012-06-15 12:10 26.085 26.1 26.035 26.035 39071
2012-06-15 12:20 26.135 26.135 26.095 26.1 26943
2012-06-15 12:30 26.13 26.2 26.11 26.135 47944
2012-06-15 12:40 26.06 26.13 26.05 26.13 28309
2012-06-15 12:50 26.1 26.11 26.055 26.055 12955
2012-06-15 13:00 26.115 26.125 26.085 26.095 6320
2012-06-15 13:10 26.23 26.235 26.13 26.13 65322
2012-06-15 13:20 26.245 26.295 26.22 26.23 19855
2012-06-15 13:30 26.28 26.285 26.22 26.26 19984
2012-06-15 13:40 26.33 26.34 26.275 26.275 11032
2012-06-15 13:50 26.25 26.33 26.235 26.32 29547
2012-06-15 14:00 26.255 26.285 26.24 26.255 19200
2012-06-15 14:10 26.26 26.285 26.225 26.26 14954
2012-06-15 14:20 26.205 26.26 26.2 26.26 36087
2012-06-15 14:30 26.17 26.205 26.17 26.205 46374
2012-06-15 14:40 26.135 26.185 26.13 26.165 11555
2012-06-15 14:50 26.125 26.135 26.105 26.13 10317
2012-06-15 15:00 26.045 26.12 26.045 26.12 8140
2012-06-15 15:10 26.045 26.065 26.03 26.05 23289
2012-06-15 15:20 26.055 26.085 26.03 26.05 15872
2012-06-15 15:30 26.05 26.06 26.01 26.025 5588
2012-06-15 15:40 26.095 26.12 26.02 26.04 26285
2012-06-15 15:50 26.155 26.165 26.075 26.075 59309
2012-06-15 16:00 26.24 26.265 26.135 26.155 82257
2012-06-15 16:10 26.19 26.23 26.185 26.225 35907
2012-06-15 16:20 26.19 26.27 26.18 26.19 39342
2012-06-15 16:30 26.15 26.19 26.14 26.185 15266
2012-06-15 16:40 26.16 26.17 26.125 26.155 17471
2012-06-15 16:50 26.155 26.16 26.12 26.16 15373
2012-06-15 17:00 26.145 26.2 26.145 26.155 23789
2012-06-15 17:10 26.08 26.14 26.075 26.14 16304
2012-06-15 17:20 26.055 26.12 26.055 26.085 29228
2012-06-15 17:30 26.08 26.095 26.025 26.055 37554
2012-06-15 17:40 26.03 26.03 26.03 26.03 746583
2012-06-18 09:10 26.695 26.7 26.415 26.415 108396
2012-06-18 09:20 26.5 26.69 26.5 26.685 71130
2012-06-18 09:30 26.495 26.515 26.455 26.5 66754
2012-06-18 09:40 26.485 26.5 26.455 26.48 25575
2012-06-18 09:50 26.58 26.6 26.485 26.495 59415
2012-06-18 10:00 26.63 26.655 26.575 26.58 32387
2012-06-18 10:10 26.525 26.615 26.495 26.6 65381
2012-06-18 10:20 26.55 26.62 26.52 26.525 33575
2012-06-18 10:30 26.51 26.53 26.375 26.53 72405
2012-06-18 10:40 26.42 26.5 26.395 26.49 31832
2012-06-18 10:50 26.515 26.515 26.41 26.43 48360
2012-06-18 11:00 26.64 26.64 26.515 26.515 36296
2012-06-18 11:10 26.605 26.665 26.585 26.64 21246
2012-06-18 11:20 26.685 26.685 26.6 26.615 34651
2012-06-18 11:30 26.73 26.765 26.68 26.69 25776
2012-06-18 11:40 26.72 26.76 26.68 26.73 21332
2012-06-18 11:50 26.735 26.775 26.685 26.73 21094
2012-06-18 12:00 26.75 26.76 26.67 26.72 29157
2012-06-18 12:10 26.805 26.805 26.7 26.74 25810
2012-06-18 12:20 26.84 26.855 26.8 26.805 11903
2012-06-18 12:30 26.835 26.845 26.82 26.84 9783
2012-06-18 12:40 26.775 26.845 26.765 26.835 15625
2012-06-18 12:50 26.76 26.78 26.73 26.775 28157
2012-06-18 13:00 26.785 26.785 26.72 26.755 20389
2012-06-18 13:10 26.76 26.79 26.735 26.785 32408
2012-06-18 13:20 26.78 26.79 26.73 26.765 16221
2012-06-18 13:30 26.73 26.78 26.725 26.77 14306
2012-06-18 13:40 26.775 26.79 26.765 26.775 9532
2012-06-18 13:50 26.715 26.78 26.655 26.77 19655
2012-06-18 14:00 26.72 26.76 26.71 26.71 8400
2012-06-18 14:10 26.775 26.81 26.73 26.73 20468
2012-06-18 14:20 26.765 26.795 26.765 26.78 3179
2012-06-18 14:30 26.7 26.77 26.67 26.76 25409
2012-06-18 14:40 26.625 26.705 26.625 26.695 21968
2012-06-18 14:50 26.595 26.665 26.595 26.625 15032
2012-06-18 15:00 26.59 26.635 26.59 26.61 33046
2012-06-18 15:10 26.655 26.66 26.58 26.585 17941
2012-06-18 15:20 26.63 26.655 26.615 26.655 8151
2012-06-18 15:30 26.615 26.64 26.61 26.635 11674
2012-06-18 15:40 26.62 26.62 26.525 26.615 33975
2012-06-18 15:50 26.62 26.64 26.565 26.61 13775
2012-06-18 16:00 26.665 26.665 26.615 26.63 28312
2012-06-18 16:10 26.7 26.715 26.63 26.675 26091
2012-06-18 16:20 26.795 26.795 26.675 26.695 36548
2012-06-18 16:30 26.78 26.81 26.77 26.795 22493
2012-06-18 16:40 26.83 26.875 26.785 26.785 58570
2012-06-18 16:50 26.875 26.88 26.845 26.845 37367
2012-06-18 17:00 26.79 26.9 26.77 26.88 55330
2012-06-18 17:10 26.675 26.805 26.66 26.79 70098
2012-06-18 17:20 26.69 26.79 26.675 26.685 49581
2012-06-18 17:30 26.785 26.785 26.685 26.685 52664
2012-06-18 17:40 26.78 26.78 26.78 26.78 232646
2012-06-19 09:00 26.9 26.9 26.9 26.9 14567
2012-06-19 09:10 27.04 27.1 26.865 26.865 32127
2012-06-19 09:20 26.995 27.11 26.98 27.05 37377
2012-06-19 09:30 26.85 26.98 26.85 26.975 36778
2012-06-19 09:40 26.84 26.865 26.72 26.845 92343
2012-06-19 09:50 26.795 26.895 26.79 26.835 47830
2012-06-19 10:00 26.815 26.84 26.755 26.795 23145
2012-06-19 10:10 26.69 26.84 26.685 26.815 50687
2012-06-19 10:20 26.72 26.745 26.68 26.68 17682
2012-06-19 10:30 26.74 26.765 26.68 26.705 22142
2012-06-19 10:40 26.73 26.775 26.71 26.725 9085
2012-06-19 10:50 26.755 26.785 26.74 26.74 13828
2012-06-19 11:00 26.715 26.865 26.715 26.76 45975
2012-06-19 11:10 26.755 26.8 26.665 26.71 37400
2012-06-19 11:20 26.72 26.79 26.705 26.745 17821
2012-06-19 11:30 26.73 26.745 26.685 26.715 28217
2012-06-19 11:40 26.71 26.75 26.705 26.72 8585
2012-06-19 11:50 26.68 26.72 26.625 26.69 9460
2012-06-19 12:00 26.705 26.72 26.67 26.67 16351
2012-06-19 12:10 26.68 26.72 26.67 26.715 16178
2012-06-19 12:20 26.68 26.72 26.67 26.71 13358
2012-06-19 12:30 26.7 26.705 26.66 26.685 6834
2012-06-19 12:40 26.735 26.735 26.675 26.7 12906
2012-06-19 12:50 26.73 26.745 26.7 26.735 10033
2012-06-19 13:00 26.74 26.74 26.69 26.735 7942
2012-06-19 13:10 26.77 26.775 26.735 26.735 7804
2012-06-19 13:20 26.775 26.805 26.76 26.765 14285
2012-06-19 13:30 26.76 26.805 26.74 26.78 11364
2012-06-19 13:40 26.755 26.77 26.75 26.765 4092
2012-06-19 13:50 26.8 26.81 26.755 26.755 12139
2012-06-19 14:00 26.77 26.85 26.77 26.81 15311
2012-06-19 14:10 26.78 26.8 26.76 26.765 4682
2012-06-19 14:20 26.8 26.81 26.77 26.79 8329
2012-06-19 14:30 26.75 26.805 26.75 26.795 5085
2012-06-19 14:40 26.705 26.76 26.665 26.76 9842
2012-06-19 14:50 26.735 26.75 26.69 26.71 12075
2012-06-19 15:00 26.725 26.76 26.71 26.735 7846
2012-06-19 15:10 26.825 26.825 26.715 26.715 23565
2012-06-19 15:20 26.765 26.82 26.735 26.82 20753
2012-06-19 15:30 26.77 26.795 26.735 26.765 25061
2012-06-19 15:40 26.75 26.78 26.735 26.77 6966
2012-06-19 15:50 26.755 26.765 26.72 26.76 10881
2012-06-19 16:00 26.795 26.8 26.755 26.77 10588
2012-06-19 16:10 26.78 26.81 26.765 26.8 10468
2012-06-19 16:20 26.81 26.835 26.745 26.775 40365
2012-06-19 16:30 26.78 26.86 26.75 26.815 20322
2012-06-19 16:40 26.78 26.815 26.78 26.79 19047
2012-06-19 16:50 26.79 26.79 26.745 26.775 36730
2012-06-19 17:00 26.835 26.87 26.785 26.79 53039
2012-06-19 17:10 26.83 26.895 26.825 26.825 33079
2012-06-19 17:20 26.825 26.86 26.82 26.825 39188
2012-06-19 17:30 26.835 26.84 26.795 26.825 36207
2012-06-19 17:40 26.825 26.825 26.825 26.825 213509
2012-06-20 09:10 26.745 26.98 26.73 26.855 19886
2012-06-20 09:20 26.765 26.815 26.74 26.765 14369
2012-06-20 09:30 26.685 26.815 26.685 26.765 17272
2012-06-20 09:40 26.595 26.68 26.535 26.68 27174
2012-06-20 09:50 26.625 26.63 26.56 26.595 23738
2012-06-20 10:00 26.56 26.65 26.56 26.62 8821
2012-06-20 10:10 26.665 26.665 26.535 26.56 13857
2012-06-20 10:20 26.625 26.68 26.58 26.665 31584
2012-06-20 10:30 26.615 26.64 26.575 26.635 10154
2012-06-20 10:40 26.62 26.63 26.585 26.625 11301
2012-06-20 10:50 26.705 26.705 26.625 26.625 17741
2012-06-20 11:00 26.76 26.77 26.695 26.7 10644
2012-06-20 11:10 26.815 26.815 26.755 26.755 15357
2012-06-20 11:20 26.775 26.825 26.775 26.815 14680
2012-06-20 11:30 26.735 26.745 26.72 26.745 2850
2012-06-20 11:40 26.71 26.74 26.71 26.735 15525
2012-06-20 11:50 26.705 26.715 26.69 26.71 16273
2012-06-20 12:00 26.66 26.72 26.645 26.7 16567
2012-06-20 12:10 26.62 26.655 26.62 26.645 12122
2012-06-20 12:20 26.585 26.625 26.575 26.625 15211
2012-06-20 12:30 26.615 26.64 26.565 26.575 11634
2012-06-20 12:40 26.645 26.645 26.62 26.62 5721
2012-06-20 12:50 26.69 26.705 26.645 26.66 11188
2012-06-20 13:00 26.7 26.7 26.68 26.69 3880
2012-06-20 13:10 26.675 26.685 26.66 26.685 2805
2012-06-20 13:20 26.625 26.68 26.615 26.68 13058
2012-06-20 13:30 26.605 26.63 26.59 26.63 26656
2012-06-20 13:40 26.645 26.675 26.615 26.615 11444
2012-06-20 13:50 26.645 26.645 26.6 26.635 8411
2012-06-20 14:00 26.63 26.63 26.605 26.63 3670
2012-06-20 14:10 26.58 26.625 26.55 26.625 31979
2012-06-20 14:20 26.605 26.64 26.585 26.585 19528
2012-06-20 14:30 26.545 26.59 26.545 26.59 13228
2012-06-20 14:40 26.565 26.565 26.52 26.54 28034
2012-06-20 14:50 26.525 26.58 26.525 26.58 9437
2012-06-20 15:00 26.53 26.58 26.515 26.52 26661
2012-06-20 15:10 26.57 26.585 26.525 26.535 16865
2012-06-20 15:20 26.54 26.585 26.53 26.58 8999
2012-06-20 15:30 26.6 26.6 26.505 26.55 21296
2012-06-20 15:40 26.595 26.595 26.54 26.595 28495
2012-06-20 15:50 26.585 26.635 26.585 26.6 42201
2012-06-20 16:00 26.615 26.65 26.585 26.595 66437
2012-06-20 16:10 26.65 26.66 26.595 26.605 34959
2012-06-20 16:20 26.6 26.67 26.585 26.66 37633
2012-06-20 16:30 26.665 26.685 26.585 26.595 21976
2012-06-20 16:40 26.595 26.68 26.585 26.65 21431
2012-06-20 16:50 26.595 26.62 26.59 26.6 14378
2012-06-20 17:00 26.585 26.605 26.585 26.595 16318
2012-06-20 17:10 26.595 26.625 26.565 26.58 33043
2012-06-20 17:20 26.61 26.645 26.595 26.595 49546
2012-06-20 17:30 26.59 26.62 26.58 26.605 62492
2012-06-20 17:40 26.585 26.585 26.585 26.585 224616
2012-06-21 09:10 26.58 26.7 26.52 26.61 57191
2012-06-21 09:20 26.76 26.76 26.6 26.6 57059
2012-06-21 09:30 26.75 26.775 26.72 26.745 36898
2012-06-21 09:40 26.73 26.755 26.7 26.75 68607
2012-06-21 09:50 26.675 26.725 26.625 26.725 18340
2012-06-21 10:00 26.685 26.71 26.665 26.675 16071
2012-06-21 10:10 26.72 26.725 26.64 26.69 55145
2012-06-21 10:20 26.685 26.725 26.61 26.725 21701
2012-06-21 10:30 26.705 26.72 26.655 26.685 13495
2012-06-21 10:40 26.65 26.73 26.65 26.72 23376
2012-06-21 10:50 26.58 26.65 26.58 26.64 11728
2012-06-21 11:00 26.65 26.67 26.585 26.595 27385
2012-06-21 11:10 26.645 26.655 26.63 26.64 16938
2012-06-21 11:20 26.665 26.7 26.64 26.645 21471
2012-06-21 11:30 26.665 26.705 26.66 26.675 14255
2012-06-21 11:40 26.72 26.755 26.665 26.67 30636
2012-06-21 11:50 26.71 26.75 26.705 26.72 13369
2012-06-21 12:00 26.695 26.715 26.675 26.705 9547
2012-06-21 12:10 26.715 26.725 26.695 26.7 5469
2012-06-21 12:20 26.71 26.715 26.7 26.715 12201
2012-06-21 12:30 26.705 26.725 26.7 26.7 18077
2012-06-21 12:40 26.7 26.705 26.7 26.7 5818
2012-06-21 12:50 26.65 26.71 26.63 26.695 11285
2012-06-21 13:00 26.64 26.665 26.61 26.645 12433
2012-06-21 13:10 26.66 26.66 26.615 26.635 6272
2012-06-21 13:20 26.675 26.705 26.665 26.67 17941
2012-06-21 13:30 26.68 26.71 26.68 26.7 12561
2012-06-21 13:40 26.695 26.735 26.695 26.695 17901
2012-06-21 13:50 26.69 26.705 26.635 26.685 25132
2012-06-21 14:00 26.7 26.71 26.66 26.695 20394
2012-06-21 14:10 26.75 26.77 26.72 26.72 21908
2012-06-21 14:20 26.76 26.79 26.755 26.76 21423
2012-06-21 14:30 26.81 26.82 26.755 26.77 23084
2012-06-21 14:40 26.885 26.895 26.8 26.805 42182
2012-06-21 14:50 26.91 26.94 26.87 26.875 32278
2012-06-21 15:00 26.97 26.97 26.92 26.92 22888
2012-06-21 15:10 26.955 27.005 26.955 26.96 37874
2012-06-21 15:20 27.03 27.04 26.955 26.955 20281
2012-06-21 15:30 27.105 27.135 27.015 27.015 46290
2012-06-21 15:40 27.105 27.135 27.08 27.11 56627
2012-06-21 15:50 27.095 27.105 27.035 27.085 36314
2012-06-21 16:00 27.03 27.135 27.03 27.1 26851
2012-06-21 16:10 26.98 27.04 26.935 27.03 59246
2012-06-21 16:20 27.025 27.09 26.96 26.97 52063
2012-06-21 16:30 27.005 27.06 26.985 27.03 41401
