Date, Close, High, Low, Open, Volume
13/Jun/2012-09:00:00 15.555 15.555 15.555 15.555 1304
13/Jun/2012-09:10:00 15.505 15.63 15.5 15.555 54763
13/Jun/2012-09:20:00 15.515 15.515 15.455 15.48 11470
13/Jun/2012-09:30:00 15.595 15.595 15.495 15.5 11836
13/Jun/2012-09:40:00 15.555 15.605 15.52 15.595 91395
13/Jun/2012-09:50:00 15.535 15.56 15.505 15.56 35210
13/Jun/2012-10:00:00 15.53 15.555 15.52 15.55 21248
13/Jun/2012-10:10:00 15.51 15.555 15.48 15.545 40349
13/Jun/2012-10:20:00 15.55 15.575 15.51 15.52 31496
13/Jun/2012-10:30:00 15.545 15.59 15.54 15.55 66139
13/Jun/2012-10:40:00 15.5 15.55 15.5 15.55 6980
13/Jun/2012-10:50:00 15.44 15.46 15.42 15.46 22723
13/Jun/2012-11:00:00 15.45 15.46 15.425 15.44 18372
13/Jun/2012-11:10:00 15.435 15.46 15.435 15.45 11304
13/Jun/2012-11:20:00 15.5 15.515 15.44 15.44 11159
13/Jun/2012-11:30:00 15.52 15.545 15.515 15.515 14604
13/Jun/2012-11:40:00 15.455 15.52 15.445 15.52 19886
13/Jun/2012-11:50:00 15.45 15.475 15.45 15.455 2875
0:00,15.43,15.46,15.415,15.43,14042
07 Jun 2012 - 12:10:00,15.43,15.435,15.41,15.42,12761
07 Jun 2012 - 12:20:00,15.405,15.425,15.385,15.42,11360
07 Jun 2012 - 12:30:00,15.435,15.435,15.39,15.4,12515
07 Jun 2012 - 12:40:00,15.39,15.425,15.38,15.415,12196
07 Jun 2012 - 12:50:00,15.35,15.405,15.35,15.405,11850
07 Jun 2012 - 13:00:00,15.38,15.435,15.34,15.36,25047
07 Jun 2012 - 13:10:00,15.39,15.485,15.385,15.4,62870
07 Jun 2012 - 13:20:00,15.405,15.415,15.35,15.395,19727
07 Jun 2012 - 13:30:00,15.37,15.41,15.37,15.395,15778
07 Jun 2012 - 13:40:00,15.375,15.38,15.335,15.365,17605
07 Jun 2012 - 13:50:00,15.39,15.4,15.355,15.37,29278
07 Jun 2012 - 14:00:00,15.375,15.415,15.375,15.395,32059
07 Jun 2012 - 14:10:00,15.36,15.39,15.34,15.39,15489
07 Jun 2012 - 14:20:00,15.39,15.405,15.36,15.36,7556
07 Jun 2012 - 14:30:00,15.37,15.41,15.37,15.395,13502
07 Jun 2012 - 14:40:00,15.38,15.385,15.36,15.385,6665
07 Jun 2012 - 14:50:00,15.38,15.38,15.36,15.36,3168
07 Jun 2012 - 15:00:00,15.35,15.37,15.35,15.36,5758
07 Jun 2012 - 15:10:00,15.39,15.395,15.35,15.36,11814
07 Jun 2012 - 15:20:00,15.4,15.435,15.385,15.405,23629
07 Jun 2012 - 15:30:00,15.46,15.475,15.375,15.4,63035
07 Jun 2012 - 15:40:00,15.455,15.465,15.44,15.45,36468
07 Jun 2012 - 15:50:00,15.455,15.475,15.425,15.46,25363
07 Jun 2012 - 16:00:00,15.425,15.465,15.42,15.455,19695
07 Jun 2012 - 16:10:00,15.38,15.445,15.37,15.42,29993
07 Jun 2012 - 16:20:00,15.355,15.4,15.355,15.38,26694
07 Jun 2012 - 16:30:00,15.39,15.39,15.35,15.35,47501
07 Jun 2012 - 16:40:00,15.365,15.395,15.36,15.38,35405
07 Jun 2012 - 16:50:00,15.335,15.375,15.33,15.36,31434
07 Jun 2012 - 17:00:00,15.35,15.35,15.305,15.33,41493
07 Jun 2012 - 17:10:00,15.33,15.365,15.33,15.34,48878
07 Jun 2012 - 17:20:00,15.295,15.325,15.275,15.325,29854
07 Jun 2012 - 17:30:00,15.34,15.34,15.285,15.285,34880
07 Jun 2012 - 17:40:00,15.315,15.315,15.315,15.315,342912
41,15.38,15.395,4245
07 Jun 2012 - 13:30:00,15.37,15.41,15.37,15.41,11533
07 Jun 2012 - 13:35:00,15.35,15.38,15.34,15.365,12919
07 Jun 2012 - 13:40:00,15.375,15.375,15.335,15.35,4686
07 Jun 2012 - 13:45:00,15.375,15.39,15.355,15.37,24586
07 Jun 2012 - 13:50:00,15.39,15.4,15.38,15.4,4692
07 Jun 2012 - 13:55:00,15.39,15.415,15.38,15.395,21936
07 Jun 2012 - 14:00:00,15.375,15.415,15.375,15.405,10123
07 Jun 2012 - 14:05:00,15.36,15.39,15.36,15.39,5922
07 Jun 2012 - 14:10:00,15.36,15.38,15.34,15.35,9567
07 Jun 2012 - 14:15:00,15.38,15.39,15.36,15.36,2323
07 Jun 2012 - 14:20:00,15.39,15.405,15.39,15.39,5233
07 Jun 2012 - 14:25:00,15.385,15.395,15.375,15.395,4449
07 Jun 2012 - 14:30:00,15.37,15.41,15.37,15.39,9053
07 Jun 2012 - 14:35:00,15.385,15.385,15.37,15.385,1453
07 Jun 2012 - 14:40:00,15.38,15.385,15.36,15.385,5212
07 Jun 2012 - 14:45:00,15.36,15.36,15.36,15.36,27
07 Jun 2012 - 14:50:00,15.38,15.38,15.36,15.36,3141
07 Jun 2012 - 14:55:00,15.37,15.37,15.36,15.36,807
07 Jun 2012 - 15:00:00,15.35,15.37,15.35,15.37,4951
07 Jun 2012 - 15:05:00,15.38,15.385,15.35,15.36,4159
07 Jun 2012 - 15:10:00,15.39,15.395,15.38,15.395,7655
07 Jun 2012 - 15:15:00,15.405,15.435,15.385,15.405,21075
07 Jun 2012 - 15:20:00,15.4,15.405,15.4,15.405,2554
07 Jun 2012 - 15:25:00,15.405,15.405,15.375,15.4,25126
07 Jun 2012 - 15:30:00,15.46,15.475,15.395,15.405,37909
07 Jun 2012 - 15:35:00,15.45,15.46,15.44,15.45,28810
07 Jun 2012 - 15:40:00,15.455,15.465,15.445,15.455,7658
07 Jun 2012 - 15:45:00,15.425,15.465,15.425,15.46,8217
07 Jun 2012 - 15:50:00,15.455,15.475,15.44,15.44,17146
07 Jun 2012 - 15:55:00,15.435,15.465,15.435,15.455,11476
07 Jun 2012 - 16:00:00,15.425,15.45,15.42,15.44,8219
07 Jun 2012 - 16:05:00,15.385,15.445,15.37,15.42,18024
07 Jun 2012 - 16:10:00,15.38,15.41,15.375,15.385,11969
07 Jun 2012 - 16:15:00,15.385,15.385,15.38,15.38,2635
07 Jun 2012 - 16:20:00,15.355,15.4,15.355,15.385,24059
07 Jun 2012 - 16:25:00,15.37,15.37,15.35,15.35,37864
07 Jun 2012 - 16:30:00,15.39,15.39,15.37,15.37,9637
07 Jun 2012 - 16:35:00,15.39,15.39,15.375,15.38,25803
07 Jun 2012 - 16:40:00,15.365,15.395,15.36,15.375,9602
07 Jun 2012 - 16:45:00,15.37,15.37,15.355,15.36,16033
07 Jun 2012 - 16:50:00,15.335,15.375,15.33,15.355,15401
07 Jun 2012 - 16:55:00,15.345,15.345,15.325,15.33,12576
07 Jun 2012 - 17:00:00,15.35,15.35,15.305,15.335,28917
07 Jun 2012 - 17:05:00,15.34,15.35,15.33,15.34,13500
07 Jun 2012 - 17:10:00,15.33,15.365,15.33,15.33,35378
07 Jun 2012 - 17:15:00,15.305,15.325,15.275,15.325,18098
07 Jun 2012 - 17:20:00,15.295,15.32,15.29,15.3,11756
07 Jun 2012 - 17:25:00,15.32,15.32,15.285,15.285,19661
07 Jun 2012 - 17:30:00,15.34,15.34,15.3,15.32,15219
07 Jun 2012 - 17:40:00,15.315,15.315,15.315,15.315,342912
