Date Hour Close High Low Open Volume
2012-06-13 09:10 72.87 73.0 72.77 72.98 24137
2012-06-13 09:20 72.83 73.0 72.82 72.88 10685
2012-06-13 09:30 72.83 72.84 72.77 72.81 9365
2012-06-13 09:40 72.97 72.99 72.87 72.87 6608
2012-06-13 09:50 72.97 73.0 72.94 72.97 10076
2012-06-13 10:00 72.98 73.0 72.93 72.99 13175
2012-06-13 10:10 73.0 73.12 72.96 73.01 14356
2012-06-13 10:20 72.8 73.01 72.67 72.98 25406
2012-06-13 10:30 72.61 72.8 72.57 72.79 13824
2012-06-13 10:40 72.66 72.69 72.58 72.61 5661
2012-06-13 10:50 72.47 72.72 72.34 72.68 11879
2012-06-13 11:00 72.52 72.55 72.43 72.49 5427
2012-06-13 11:10 72.57 72.6 72.5 72.53 14961
2012-06-13 11:20 72.75 72.75 72.57 72.57 7537
2012-06-13 11:30 72.82 72.84 72.64 72.77 9231
2012-06-13 11:40 72.49 72.82 72.44 72.82 15214
2012-06-13 11:50 72.6 72.67 72.46 72.48 6283
2012-06-13 12:00 72.54 72.68 72.51 72.6 9906
2012-06-13 12:10 72.6 72.66 72.53 72.55 9517
2012-06-13 12:20 72.59 72.7 72.47 72.6 12541
2012-06-13 12:30 72.53 72.6 72.44 72.59 13739
2012-06-13 12:40 72.58 72.58 72.54 72.54 7829
2012-06-13 12:50 72.55 72.62 72.53 72.6 10619
2012-06-13 13:00 72.53 72.65 72.48 72.55 9913
2012-06-13 13:10 72.42 72.6 72.41 72.56 11709
2012-06-13 13:20 72.47 72.5 72.44 72.45 7196
2012-06-13 13:30 72.53 72.57 72.41 72.44 6563
2012-06-13 13:40 72.58 72.63 72.53 72.53 7393
2012-06-13 13:50 72.7 72.71 72.55 72.57 18163
2012-06-13 14:00 72.71 72.73 72.59 72.71 14743
2012-06-13 14:10 72.8 72.8 72.72 72.72 14470
2012-06-13 14:20 72.81 72.85 72.76 72.8 6036
2012-06-13 14:30 72.63 72.9 72.63 72.83 8399
2012-06-13 14:40 72.82 72.9 72.71 72.77 11482
2012-06-13 14:50 72.74 72.87 72.72 72.81 6584
2012-06-13 15:00 72.89 72.9 72.71 72.72 6093
2012-06-13 15:10 72.86 72.88 72.76 72.88 7132
2012-06-13 15:20 72.86 72.9 72.81 72.88 6402
2012-06-13 15:30 72.77 72.9 72.77 72.87 7986
2012-06-13 15:40 72.68 72.77 72.63 72.76 11487
2012-06-13 15:50 72.73 72.75 72.6 72.65 9785
2012-06-13 16:00 72.8 72.81 72.64 72.75 8377
2012-06-13 16:10 72.89 72.95 72.78 72.78 18775
2012-06-13 16:20 72.91 72.94 72.83 72.9 9546
2012-06-13 16:30 72.95 72.95 72.88 72.92 15651
2012-06-13 16:40 72.97 73.0 72.89 72.95 14493
2012-06-13 16:50 73.0 73.0 72.94 72.97 17166
2012-06-13 17:00 72.89 73.0 72.89 73.0 27896
2012-06-13 17:10 72.7 72.93 72.69 72.9 22654
2012-06-13 17:20 72.68 72.71 72.5 72.71 29420
2012-06-13 17:30 72.79 72.81 72.68 72.68 14920
2012-06-13 17:40 72.93 72.93 72.93 72.93 122617
2012-06-14 09:10 72.93 72.93 72.68 72.85 13776
2012-06-14 09:20 72.91 72.95 72.67 72.89 7520
2012-06-14 09:30 72.86 72.96 72.86 72.94 5010
2012-06-14 09:40 72.63 72.84 72.61 72.81 8850
2012-06-14 09:50 72.66 72.67 72.62 72.65 3677
2012-06-14 10:00 72.57 72.69 72.55 72.65 4952
2012-06-14 10:10 72.44 72.58 72.43 72.56 12084
2012-06-14 10:20 72.57 72.58 72.41 72.45 14576
2012-06-14 10:30 72.56 72.62 72.51 72.57 7991
2012-06-14 10:40 72.59 72.6 72.49 72.55 6275
2012-06-14 10:50 72.63 72.72 72.57 72.57 9442
2012-06-14 11:00 72.61 72.7 72.51 72.65 7846
2012-06-14 11:10 72.6 72.67 72.56 72.56 5051
2012-06-14 11:20 72.51 72.68 72.51 72.64 4405
2012-06-14 11:30 72.5 72.63 72.48 72.52 8035
2012-06-14 11:40 72.38 72.52 72.38 72.49 9172
2012-06-14 11:50 72.37 72.39 72.34 72.39 7728
2012-06-14 12:00 72.49 72.49 72.34 72.37 6171
2012-06-14 12:10 72.36 72.49 72.34 72.49 14693
2012-06-14 12:20 72.46 72.5 72.32 72.34 5840
2012-06-14 12:30 72.5 72.5 72.45 72.45 8794
2012-06-14 12:40 72.69 72.75 72.48 72.5 14026
2012-06-14 12:50 72.63 72.71 72.58 72.7 6824
2012-06-14 13:00 72.64 72.69 72.61 72.63 4550
2012-06-14 13:10 72.64 72.7 72.63 72.63 15809
2012-06-14 13:20 72.71 72.75 72.62 72.63 12036
2012-06-14 13:30 72.66 72.71 72.65 72.66 14365
2012-06-14 13:40 72.65 72.73 72.62 72.66 15305
2012-06-14 13:50 72.65 72.69 72.65 72.66 12016
2012-06-14 14:00 72.8 72.8 72.58 72.65 8586
2012-06-14 14:10 72.74 72.8 72.68 72.79 11193
2012-06-14 14:20 72.7 72.82 72.69 72.75 8438
2012-06-14 14:30 72.64 72.81 72.64 72.72 9954
2012-06-14 14:40 72.77 72.77 72.6 72.6 9993
2012-06-14 14:50 72.85 72.89 72.77 72.78 10441
2012-06-14 15:00 72.83 72.91 72.79 72.85 12031
2012-06-14 15:10 72.92 72.94 72.82 72.83 7742
2012-06-14 15:20 72.96 72.99 72.93 72.94 11765
2012-06-14 15:30 72.83 72.96 72.83 72.95 11526
2012-06-14 15:40 72.97 72.99 72.8 72.82 25322
2012-06-14 15:50 72.96 72.99 72.9 72.94 9475
2012-06-14 16:00 72.98 73.0 72.94 72.96 8167
2012-06-14 16:10 72.96 73.0 72.94 72.98 21232
2012-06-14 16:20 72.98 73.0 72.96 72.98 30609
2012-06-14 16:30 73.0 73.03 72.89 72.98 11858
2012-06-14 16:40 73.02 73.07 72.98 73.01 10889
2012-06-14 16:50 73.0 73.05 72.97 73.03 13288
2012-06-14 17:00 73.02 73.05 72.98 73.0 11010
2012-06-14 17:10 73.09 73.1 73.0 73.01 12597
2012-06-14 17:20 73.01 73.08 72.95 73.08 17112
2012-06-14 17:30 73.05 73.1 72.96 73.02 22133
2012-06-14 17:40 73.2 73.2 73.2 73.2 265606
2012-06-15 09:10 72.78 73.24 72.63 73.08 43575
2012-06-15 09:20 72.7 72.75 72.59 72.74 30891
2012-06-15 09:30 72.74 72.9 72.67 72.71 29050
2012-06-15 09:40 72.54 72.78 72.46 72.74 24171
2012-06-15 09:50 73.14 73.16 72.61 72.61 15667
2012-06-15 10:00 73.03 73.28 72.99 73.18 33282
2012-06-15 10:10 72.97 73.0 72.88 73.0 25368
2012-06-15 10:20 72.73 72.99 72.73 72.99 23093
2012-06-15 10:30 72.72 72.75 72.61 72.74 21556
2012-06-15 10:40 72.76 72.85 72.72 72.74 23604
2012-06-15 10:50 72.68 72.75 72.64 72.75 10066
2012-06-15 11:00 72.75 72.75 72.61 72.65 15139
2012-06-15 11:10 72.67 72.75 72.6 72.72 15719
2012-06-15 11:20 72.79 72.8 72.69 72.69 12131
2012-06-15 11:30 72.94 73.0 72.81 72.81 16598
2012-06-15 11:40 72.82 73.0 72.8 72.93 31588
2012-06-15 11:50 72.86 72.88 72.8 72.81 19234
2012-06-15 12:00 72.89 72.9 72.78 72.86 73842
2012-06-15 12:10 72.94 72.98 72.83 72.88 19756
2012-06-15 12:20 73.03 73.03 72.88 72.95 21096
2012-06-15 12:30 73.08 73.15 73.0 73.02 21303
2012-06-15 12:40 73.17 73.18 73.06 73.09 13003
2012-06-15 12:50 73.21 73.3 73.15 73.15 27884
2012-06-15 13:00 73.29 73.37 73.22 73.23 17113
2012-06-15 13:10 73.29 73.37 73.22 73.27 12314
2012-06-15 13:20 73.49 73.62 73.27 73.27 23742
2012-06-15 13:30 73.56 73.56 73.44 73.49 21781
2012-06-15 13:40 73.47 73.61 73.46 73.56 19381
2012-06-15 13:50 73.38 73.47 73.38 73.46 18014
2012-06-15 14:00 73.38 73.46 73.38 73.4 11303
2012-06-15 14:10 73.38 73.39 73.32 73.36 13496
2012-06-15 14:20 73.34 73.39 73.31 73.39 21652
2012-06-15 14:30 73.21 73.35 73.21 73.33 13424
2012-06-15 14:40 73.29 73.33 73.15 73.21 16440
2012-06-15 14:50 73.27 73.34 73.24 73.29 25187
2012-06-15 15:00 73.25 73.33 73.24 73.27 19214
2012-06-15 15:10 73.15 73.29 73.15 73.26 14938
2012-06-15 15:20 72.91 73.15 72.87 73.15 26620
2012-06-15 15:30 72.96 72.99 72.9 72.9 18177
2012-06-15 15:40 73.01 73.05 72.95 72.96 25633
2012-06-15 15:50 72.97 73.04 72.93 73.0 58046
2012-06-15 16:00 72.76 73.01 72.65 72.97 55631
2012-06-15 16:10 72.53 72.76 72.53 72.76 22895
2012-06-15 16:20 72.58 72.59 72.43 72.53 24178
2012-06-15 16:30 72.66 72.7 72.57 72.58 28856
2012-06-15 16:40 72.67 72.73 72.44 72.67 43027
2012-06-15 16:50 72.53 72.69 72.52 72.66 24721
2012-06-15 17:00 72.4 72.54 72.3 72.54 33373
2012-06-15 17:10 71.98 72.48 71.94 72.4 55092
2012-06-15 17:20 72.18 72.26 71.97 71.98 48178
2012-06-15 17:30 72.34 72.45 72.11 72.17 56573
2012-06-15 17:40 72.5 72.5 72.5 72.5 6885358
2012-06-18 09:10 72.76 72.94 72.39 72.7 39226
2012-06-18 09:20 72.93 72.99 72.73 72.79 23341
2012-06-18 09:30 72.95 72.97 72.76 72.95 23579
2012-06-18 09:40 72.94 72.96 72.85 72.95 12002
2012-06-18 09:50 73.26 73.3 72.9 72.96 26750
2012-06-18 10:00 73.19 73.34 73.11 73.26 28353
2012-06-18 10:10 73.48 73.54 73.23 73.23 20436
2012-06-18 10:20 73.44 73.65 73.44 73.47 42889
2012-06-18 10:30 73.26 73.52 73.13 73.43 27721
2012-06-18 10:40 73.08 73.31 73.05 73.25 41570
2012-06-18 10:50 73.19 73.19 73.09 73.11 21260
2012-06-18 11:00 73.11 73.31 73.09 73.18 27937
2012-06-18 11:10 73.12 73.25 73.02 73.12 23393
2012-06-18 11:20 73.2 73.32 73.07 73.09 11996
2012-06-18 11:30 73.24 73.32 73.09 73.16 18688
2012-06-18 11:40 73.23 73.25 73.1 73.22 16009
2012-06-18 11:50 73.25 73.35 73.18 73.22 19625
2012-06-18 12:00 73.19 73.3 73.15 73.28 13611
2012-06-18 12:10 73.21 73.29 73.09 73.21 11022
2012-06-18 12:20 73.22 73.3 73.15 73.19 6231
2012-06-18 12:30 73.36 73.36 73.19 73.21 11585
2012-06-18 12:40 73.32 73.34 73.23 73.34 11793
2012-06-18 12:50 73.5 73.5 73.31 73.31 8811
2012-06-18 13:00 73.74 73.75 73.46 73.52 33200
2012-06-18 13:10 73.52 73.79 73.52 73.78 24260
2012-06-18 13:20 73.69 73.77 73.44 73.53 15022
2012-06-18 13:30 73.8 73.8 73.7 73.71 8405
2012-06-18 13:40 73.61 73.82 73.6 73.82 7800
2012-06-18 13:50 73.54 73.64 73.46 73.64 6573
2012-06-18 14:00 73.64 73.66 73.5 73.54 6889
2012-06-18 14:10 73.7 73.76 73.63 73.65 9640
2012-06-18 14:20 73.6 73.73 73.6 73.68 4975
2012-06-18 14:30 73.49 73.65 73.48 73.6 10453
2012-06-18 14:40 73.39 73.58 73.35 73.49 13347
2012-06-18 14:50 73.29 73.51 73.29 73.39 31346
2012-06-18 15:00 73.25 73.35 73.22 73.3 19926
2012-06-18 15:10 73.26 73.37 73.22 73.23 5155
2012-06-18 15:20 73.08 73.28 73.03 73.27 14872
2012-06-18 15:30 73.29 73.3 73.11 73.11 4099
2012-06-18 15:40 73.25 73.29 73.08 73.27 24704
2012-06-18 15:50 73.23 73.31 73.22 73.27 11588
2012-06-18 16:00 73.27 73.27 73.21 73.25 7038
2012-06-18 16:10 73.27 73.29 73.22 73.27 23066
2012-06-18 16:20 73.38 73.38 73.27 73.29 12006
2012-06-18 16:30 73.36 73.4 73.31 73.38 14524
2012-06-18 16:40 73.49 73.5 73.31 73.36 18796
2012-06-18 16:50 73.6 73.6 73.47 73.49 9000
2012-06-18 17:00 73.48 73.72 73.48 73.63 18408
2012-06-18 17:10 73.36 73.56 73.34 73.48 20797
2012-06-18 17:20 73.17 73.43 73.16 73.36 20742
2012-06-18 17:30 73.34 73.38 73.18 73.2 12928
2012-06-18 17:40 73.4 73.4 73.4 73.4 188875
2012-06-19 09:10 74.42 74.66 73.8 73.8 77566
2012-06-19 09:20 73.98 74.49 73.7 74.44 58638
2012-06-19 09:30 74.33 74.33 74.01 74.01 17522
2012-06-19 09:40 74.11 74.33 74.11 74.33 20751
2012-06-19 09:50 74.1 74.19 74.06 74.13 15643
2012-06-19 10:00 74.09 74.22 74.05 74.1 23799
2012-06-19 10:10 74.25 74.32 74.05 74.08 30407
2012-06-19 10:20 74.35 74.35 74.11 74.19 32240
2012-06-19 10:30 74.24 74.34 74.18 74.31 9230
2012-06-19 10:40 74.11 74.27 74.11 74.27 7458
2012-06-19 10:50 74.23 74.26 74.12 74.13 20018
2012-06-19 11:00 74.44 74.61 74.26 74.26 21823
2012-06-19 11:10 74.14 74.45 74.08 74.42 48251
2012-06-19 11:20 74.04 74.21 74.0 74.13 35221
2012-06-19 11:30 74.14 74.18 74.0 74.04 25067
2012-06-19 11:40 74.19 74.28 74.14 74.16 19780
2012-06-19 11:50 74.17 74.22 74.13 74.17 11344
2012-06-19 12:00 74.26 74.34 74.13 74.17 15964
2012-06-19 12:10 74.25 74.28 74.2 74.25 7109
2012-06-19 12:20 74.42 74.42 74.24 74.27 10942
2012-06-19 12:30 74.33 74.43 74.31 74.41 10943
2012-06-19 12:40 74.32 74.35 74.25 74.33 9024
2012-06-19 12:50 74.41 74.41 74.3 74.31 9454
2012-06-19 13:00 74.54 74.55 74.41 74.42 9899
2012-06-19 13:10 74.74 74.75 74.49 74.55 16826
2012-06-19 13:20 74.81 74.88 74.74 74.75 28460
2012-06-19 13:30 74.9 74.95 74.8 74.81 23392
2012-06-19 13:40 74.75 74.9 74.75 74.89 10205
2012-06-19 13:50 75.09 75.09 74.73 74.75 20658
2012-06-19 14:00 75.28 75.31 75.11 75.11 45718
2012-06-19 14:10 75.27 75.3 75.17 75.29 24063
2012-06-19 14:20 75.31 75.37 75.27 75.28 24959
2012-06-19 14:30 75.47 75.52 75.3 75.31 29740
2012-06-19 14:40 75.34 75.48 75.3 75.47 15597
2012-06-19 14:50 75.17 75.35 75.17 75.33 22691
2012-06-19 15:00 75.02 75.22 75.02 75.18 22777
2012-06-19 15:10 75.2 75.23 75.04 75.05 16526
2012-06-19 15:20 75.08 75.18 75.0 75.18 28787
2012-06-19 15:30 75.14 75.14 75.05 75.1 10577
2012-06-19 15:40 74.96 75.11 74.96 75.11 13873
2012-06-19 15:50 74.72 74.97 74.7 74.97 19534
2012-06-19 16:00 74.65 74.77 74.63 74.72 22966
2012-06-19 16:10 74.56 74.65 74.55 74.62 18059
2012-06-19 16:20 74.64 74.64 74.51 74.56 30234
2012-06-19 16:30 74.7 74.73 74.59 74.65 29622
2012-06-19 16:40 74.51 74.75 74.51 74.72 31217
2012-06-19 16:50 74.6 74.62 74.52 74.53 13809
2012-06-19 17:00 74.59 74.92 74.59 74.62 47966
2012-06-19 17:10 74.62 74.64 74.44 74.59 48511
2012-06-19 17:20 74.52 74.68 74.5 74.61 34634
2012-06-19 17:30 74.5 74.84 74.47 74.52 113046
2012-06-19 17:40 74.53 74.53 74.53 74.53 230766
2012-06-20 09:10 74.71 74.74 74.46 74.46 35524
2012-06-20 09:20 74.4 74.83 74.35 74.76 10273
2012-06-20 09:30 74.18 74.42 74.12 74.42 7248
2012-06-20 09:40 74.05 74.18 74.02 74.17 12360
2012-06-20 09:50 73.97 74.13 73.81 74.03 34845
2012-06-20 10:00 73.95 74.05 73.83 73.99 12250
2012-06-20 10:10 73.95 74.08 73.92 73.96 5970
2012-06-20 10:20 74.02 74.07 73.95 73.96 7193
2012-06-20 10:30 74.05 74.05 73.92 74.03 4279
2012-06-20 10:40 74.03 74.1 74.01 74.03 6999
2012-06-20 10:50 74.04 74.1 74.0 74.05 8032
2012-06-20 11:00 74.1 74.14 74.01 74.04 7340
2012-06-20 11:10 73.98 74.1 73.94 74.1 5540
2012-06-20 11:20 74.0 74.14 73.97 73.98 11768
2012-06-20 11:30 73.92 74.07 73.92 74.05 9194
2012-06-20 11:40 73.65 73.96 73.65 73.92 24059
2012-06-20 11:50 73.83 73.83 73.68 73.68 4412
2012-06-20 12:00 73.83 73.87 73.8 73.83 3547
2012-06-20 12:10 73.72 73.92 73.72 73.83 8449
2012-06-20 12:20 73.74 73.77 73.71 73.75 11599
2012-06-20 12:30 73.67 73.77 73.67 73.73 12658
2012-06-20 12:40 73.93 73.93 73.71 73.71 5065
2012-06-20 12:50 73.81 73.92 73.79 73.92 2992
2012-06-20 13:00 73.87 73.92 73.76 73.82 4641
2012-06-20 13:10 73.85 73.89 73.76 73.86 5744
2012-06-20 13:20 73.89 73.89 73.81 73.82 3035
2012-06-20 13:30 73.93 74.05 73.9 73.9 4300
2012-06-20 13:40 73.97 73.97 73.93 73.94 3927
2012-06-20 13:50 73.86 73.97 73.86 73.97 3093
2012-06-20 14:00 73.81 73.87 73.76 73.85 3803
2012-06-20 14:10 73.62 73.79 73.62 73.79 8015
2012-06-20 14:20 73.7 73.72 73.56 73.58 4398
2012-06-20 14:30 73.68 73.73 73.65 73.72 2309
2012-06-20 14:40 73.75 73.75 73.68 73.68 3693
2012-06-20 14:50 73.64 73.74 73.64 73.73 5832
2012-06-20 15:00 73.58 73.68 73.57 73.67 7303
2012-06-20 15:10 73.5 73.62 73.49 73.57 13882
2012-06-20 15:20 73.44 73.52 73.43 73.5 5657
2012-06-20 15:30 73.48 73.51 73.39 73.44 5545
2012-06-20 15:40 73.51 73.55 73.47 73.5 11404
2012-06-20 15:50 73.61 73.62 73.51 73.53 3486
2012-06-20 16:00 73.65 73.7 73.57 73.62 16046
2012-06-20 16:10 73.71 73.74 73.58 73.7 5817
2012-06-20 16:20 73.76 73.79 73.69 73.71 9096
2012-06-20 16:30 73.94 73.95 73.75 73.75 18291
2012-06-20 16:40 73.91 73.93 73.84 73.92 14480
2012-06-20 16:50 73.84 73.93 73.82 73.89 7648
2012-06-20 17:00 73.73 73.92 73.72 73.89 19145
2012-06-20 17:10 73.65 73.76 73.63 73.73 12846
2012-06-20 17:20 73.56 73.69 73.55 73.66 16632
2012-06-20 17:30 73.69 73.72 73.55 73.55 29588
2012-06-20 17:40 73.65 73.65 73.65 73.65 96112
2012-06-21 09:10 73.2 73.43 73.0 73.36 45347
2012-06-21 09:20 73.18 73.32 73.13 73.18 30420
2012-06-21 09:30 73.38 73.53 73.19 73.23 25058
2012-06-21 09:40 73.7 73.72 73.36 73.4 14102
2012-06-21 09:50 73.79 73.86 73.6 73.63 9227
2012-06-21 10:00 73.79 73.94 73.72 73.87 5450
2012-06-21 10:10 73.75 73.83 73.67 73.79 11418
2012-06-21 10:20 73.9 73.91 73.75 73.75 12495
2012-06-21 10:30 73.99 74.0 73.77 73.9 11584
2012-06-21 10:40 73.58 73.99 73.55 73.97 16775
2012-06-21 10:50 73.71 73.71 73.47 73.58 12962
2012-06-21 11:00 73.57 73.72 73.57 73.72 8874
2012-06-21 11:10 72.78 73.59 72.77 73.57 73867
2012-06-21 11:20 73.19 73.23 72.78 72.8 32418
2012-06-21 11:30 73.02 73.25 73.02 73.18 11378
2012-06-21 11:40 73.11 73.16 72.99 73.07 8550
2012-06-21 11:50 73.22 73.23 73.12 73.13 8067
2012-06-21 12:00 73.2 73.28 73.18 73.22 10232
2012-06-21 12:10 73.34 73.38 73.14 73.21 10242
2012-06-21 12:20 73.32 73.35 73.29 73.35 5736
2012-06-21 12:30 73.23 73.34 73.21 73.31 6810
2012-06-21 12:40 73.32 73.35 73.22 73.22 7918
2012-06-21 12:50 73.2 73.36 73.16 73.36 8575
2012-06-21 13:00 73.18 73.21 73.07 73.21 9201
2012-06-21 13:10 73.16 73.24 73.09 73.2 8197
2012-06-21 13:20 73.09 73.21 73.08 73.17 17145
2012-06-21 13:30 73.1 73.13 73.03 73.12 15175
2012-06-21 13:40 73.02 73.14 73.0 73.11 15501
2012-06-21 13:50 73.09 73.15 72.94 73.03 26289
2012-06-21 14:00 73.1 73.1 72.98 73.06 16814
2012-06-21 14:10 73.33 73.34 73.13 73.13 18558
2012-06-21 14:20 73.4 73.47 73.31 73.33 18573
2012-06-21 14:30 73.34 73.46 73.24 73.4 15171
2012-06-21 14:40 73.35 73.43 73.24 73.32 20805
2012-06-21 14:50 73.36 73.38 73.29 73.33 31510
2012-06-21 15:00 73.37 73.38 73.3 73.36 15093
2012-06-21 15:10 73.42 73.42 73.24 73.36 39330
2012-06-21 15:20 73.79 73.79 73.38 73.42 27247
2012-06-21 15:30 74.03 74.03 73.76 73.77 39258
2012-06-21 15:40 74.18 74.27 74.05 74.05 41128
2012-06-21 15:50 74.36 74.36 74.15 74.15 14990
2012-06-21 16:00 74.4 74.51 74.35 74.37 20989
2012-06-21 16:10 74.38 74.51 74.2 74.39 33485
2012-06-21 16:20 74.39 74.4 74.32 74.37 8050
2012-06-21 16:30 74.53 74.56 74.37 74.37 7363
