Date Hour Close High Low Open Volume
2012-06-13 09:10 9.823 9.89 9.81 9.85 371356
2012-06-13 09:20 9.816 9.823 9.799 9.823 97276
2012-06-13 09:30 9.855 9.857 9.811 9.813 106996
2012-06-13 09:40 9.849 9.869 9.833 9.851 173077
2012-06-13 09:50 9.843 9.856 9.823 9.852 179437
2012-06-13 10:00 9.835 9.845 9.83 9.843 133017
2012-06-13 10:10 9.835 9.841 9.82 9.836 176772
2012-06-13 10:20 9.834 9.848 9.816 9.835 241944
2012-06-13 10:30 9.817 9.841 9.814 9.832 160885
2012-06-13 10:40 9.812 9.826 9.81 9.82 117078
2012-06-13 10:50 9.805 9.816 9.786 9.812 152895
2012-06-13 11:00 9.796 9.805 9.79 9.805 103621
2012-06-13 11:10 9.814 9.814 9.791 9.794 261585
2012-06-13 11:20 9.843 9.851 9.809 9.813 161166
2012-06-13 11:30 9.85 9.853 9.835 9.845 174127
2012-06-13 11:40 9.816 9.849 9.803 9.849 154124
2012-06-13 11:50 9.816 9.822 9.804 9.81 149292
2012-06-13 12:00 9.809 9.817 9.805 9.812 79660
2012-06-13 12:10 9.805 9.826 9.804 9.806 123079
2012-06-13 12:20 9.807 9.814 9.801 9.807 191276
2012-06-13 12:30 9.797 9.819 9.794 9.809 59987
2012-06-13 12:40 9.799 9.807 9.793 9.799 74943
2012-06-13 12:50 9.791 9.798 9.778 9.797 78800
2012-06-13 13:00 9.783 9.791 9.778 9.788 82936
2012-06-13 13:10 9.774 9.791 9.771 9.783 111657
2012-06-13 13:20 9.772 9.786 9.767 9.772 85682
2012-06-13 13:30 9.747 9.772 9.741 9.771 135206
2012-06-13 13:40 9.754 9.762 9.745 9.746 104599
2012-06-13 13:50 9.77 9.77 9.75 9.753 133271
2012-06-13 14:00 9.757 9.772 9.755 9.77 33916
2012-06-13 14:10 9.762 9.776 9.754 9.759 59169
2012-06-13 14:20 9.756 9.77 9.743 9.763 62575
2012-06-13 14:30 9.731 9.763 9.731 9.755 81788
2012-06-13 14:40 9.754 9.762 9.726 9.746 158540
2012-06-13 14:50 9.715 9.753 9.705 9.753 199742
2012-06-13 15:00 9.715 9.726 9.705 9.715 84411
2012-06-13 15:10 9.704 9.712 9.692 9.712 107087
2012-06-13 15:20 9.708 9.709 9.687 9.703 150384
2012-06-13 15:30 9.718 9.73 9.706 9.706 70125
2012-06-13 15:40 9.715 9.732 9.698 9.717 159512
2012-06-13 15:50 9.708 9.717 9.699 9.712 99738
2012-06-13 16:00 9.716 9.716 9.686 9.709 122171
2012-06-13 16:10 9.737 9.743 9.714 9.715 125747
2012-06-13 16:20 9.75 9.764 9.74 9.74 87022
2012-06-13 16:30 9.735 9.758 9.729 9.753 104174
2012-06-13 16:40 9.785 9.785 9.736 9.736 91396
2012-06-13 16:50 9.738 9.79 9.735 9.786 168635
2012-06-13 17:00 9.725 9.745 9.725 9.738 166851
2012-06-13 17:10 9.667 9.726 9.666 9.725 351886
2012-06-13 17:20 9.671 9.686 9.652 9.668 423433
2012-06-13 17:30 9.695 9.7 9.67 9.67 454020
2012-06-13 17:40 9.687 9.687 9.687 9.687 3155019
2012-06-14 09:10 9.687 9.705 9.658 9.658 236561
2012-06-14 09:20 9.68 9.713 9.676 9.686 101390
2012-06-14 09:30 9.73 9.746 9.69 9.693 145596
2012-06-14 09:40 9.769 9.785 9.716 9.731 282430
2012-06-14 09:50 9.724 9.781 9.715 9.768 111512
2012-06-14 10:00 9.711 9.73 9.71 9.723 101321
2012-06-14 10:10 9.683 9.714 9.67 9.711 196501
2012-06-14 10:20 9.657 9.689 9.648 9.679 163978
2012-06-14 10:30 9.645 9.656 9.631 9.656 94717
2012-06-14 10:40 9.635 9.651 9.628 9.643 98722
2012-06-14 10:50 9.621 9.663 9.616 9.636 104420
2012-06-14 11:00 9.628 9.638 9.603 9.624 78588
2012-06-14 11:10 9.616 9.634 9.606 9.623 106612
2012-06-14 11:20 9.629 9.653 9.613 9.617 216159
2012-06-14 11:30 9.657 9.667 9.628 9.632 110435
2012-06-14 11:40 9.654 9.673 9.645 9.657 111170
2012-06-14 11:50 9.641 9.655 9.636 9.649 95847
2012-06-14 12:00 9.664 9.671 9.634 9.64 107948
2012-06-14 12:10 9.671 9.68 9.659 9.664 175702
2012-06-14 12:20 9.666 9.678 9.655 9.668 153189
2012-06-14 12:30 9.715 9.715 9.661 9.663 93503
2012-06-14 12:40 9.734 9.751 9.708 9.716 133911
2012-06-14 12:50 9.743 9.75 9.729 9.729 107649
2012-06-14 13:00 9.715 9.741 9.714 9.741 94901
2012-06-14 13:10 9.706 9.723 9.706 9.713 101836
2012-06-14 13:20 9.693 9.708 9.693 9.705 105181
2012-06-14 13:30 9.689 9.701 9.687 9.696 53784
2012-06-14 13:40 9.671 9.694 9.664 9.688 82397
2012-06-14 13:50 9.662 9.672 9.66 9.672 116825
2012-06-14 14:00 9.659 9.667 9.649 9.662 97854
2012-06-14 14:10 9.665 9.672 9.654 9.662 63677
2012-06-14 14:20 9.679 9.681 9.66 9.665 46225
2012-06-14 14:30 9.678 9.693 9.66 9.682 60641
2012-06-14 14:40 9.659 9.677 9.648 9.668 162086
2012-06-14 14:50 9.671 9.679 9.66 9.66 164866
2012-06-14 15:00 9.687 9.707 9.673 9.673 185304
2012-06-14 15:10 9.703 9.705 9.682 9.684 77968
2012-06-14 15:20 9.709 9.718 9.694 9.703 122059
2012-06-14 15:30 9.68 9.704 9.675 9.704 93732
2012-06-14 15:40 9.664 9.685 9.657 9.68 197700
2012-06-14 15:50 9.658 9.675 9.65 9.65 99988
2012-06-14 16:00 9.681 9.681 9.643 9.657 57248
2012-06-14 16:10 9.696 9.707 9.682 9.682 267558
2012-06-14 16:20 9.692 9.702 9.685 9.698 65091
2012-06-14 16:30 9.694 9.703 9.686 9.688 64273
2012-06-14 16:40 9.692 9.7 9.684 9.697 103624
2012-06-14 16:50 9.689 9.702 9.687 9.692 157655
2012-06-14 17:00 9.7 9.703 9.688 9.689 94505
2012-06-14 17:10 9.697 9.703 9.685 9.701 77501
2012-06-14 17:20 9.71 9.718 9.693 9.693 290783
2012-06-14 17:30 9.725 9.728 9.707 9.713 147264
2012-06-14 17:40 9.722 9.722 9.722 9.722 1794270
2012-06-15 09:10 9.78 9.805 9.76 9.799 330188
2012-06-15 09:20 9.776 9.8 9.753 9.789 210522
2012-06-15 09:30 9.8 9.813 9.772 9.775 205023
2012-06-15 09:40 9.805 9.818 9.791 9.8 281993
2012-06-15 09:50 9.796 9.809 9.782 9.806 258778
2012-06-15 10:00 9.8 9.805 9.776 9.794 184028
2012-06-15 10:10 9.796 9.805 9.78 9.805 119052
2012-06-15 10:20 9.795 9.81 9.781 9.792 137235
2012-06-15 10:30 9.78 9.793 9.77 9.79 181165
2012-06-15 10:40 9.78 9.798 9.775 9.78 242869
2012-06-15 10:50 9.795 9.804 9.771 9.778 189755
2012-06-15 11:00 9.798 9.798 9.785 9.795 87645
2012-06-15 11:10 9.839 9.839 9.797 9.799 100705
2012-06-15 11:20 9.834 9.85 9.815 9.84 147928
2012-06-15 11:30 9.845 9.849 9.81 9.836 122151
2012-06-15 11:40 9.853 9.858 9.845 9.846 134295
2012-06-15 11:50 9.865 9.877 9.85 9.853 145471
2012-06-15 12:00 9.812 9.875 9.796 9.862 3019675
2012-06-15 12:10 9.821 9.838 9.812 9.812 190799
2012-06-15 12:20 9.798 9.819 9.796 9.819 102667
2012-06-15 12:30 9.812 9.82 9.799 9.802 182128
2012-06-15 12:40 9.82 9.824 9.807 9.816 48584
2012-06-15 12:50 9.824 9.83 9.816 9.818 113728
2012-06-15 13:00 9.838 9.84 9.819 9.824 205925
2012-06-15 13:10 9.84 9.848 9.83 9.838 153873
2012-06-15 13:20 9.841 9.851 9.834 9.839 62703
2012-06-15 13:30 9.847 9.847 9.829 9.841 64506
2012-06-15 13:40 9.843 9.857 9.841 9.847 140297
2012-06-15 13:50 9.825 9.849 9.825 9.843 51699
2012-06-15 14:00 9.806 9.826 9.805 9.825 128315
2012-06-15 14:10 9.822 9.822 9.801 9.805 66458
2012-06-15 14:20 9.803 9.823 9.803 9.82 260868
2012-06-15 14:30 9.788 9.806 9.788 9.805 153132
2012-06-15 14:40 9.775 9.795 9.712 9.788 205810
2012-06-15 14:50 9.766 9.793 9.76 9.775 120072
2012-06-15 15:00 9.771 9.784 9.761 9.766 91612
2012-06-15 15:10 9.763 9.779 9.749 9.771 108530
2012-06-15 15:20 9.762 9.777 9.756 9.762 131819
2012-06-15 15:30 9.793 9.796 9.763 9.763 73622
2012-06-15 15:40 9.774 9.8 9.769 9.792 271606
2012-06-15 15:50 9.825 9.825 9.775 9.78 242272
2012-06-15 16:00 9.85 9.86 9.808 9.818 339454
2012-06-15 16:10 9.826 9.864 9.822 9.85 262140
2012-06-15 16:20 9.823 9.835 9.815 9.826 104681
2012-06-15 16:30 9.786 9.821 9.778 9.821 181485
2012-06-15 16:40 9.798 9.798 9.773 9.786 231769
2012-06-15 16:50 9.824 9.83 9.797 9.797 206559
2012-06-15 17:00 9.822 9.839 9.821 9.826 206148
2012-06-15 17:10 9.818 9.828 9.806 9.823 169734
2012-06-15 17:20 9.772 9.822 9.772 9.82 246967
2012-06-15 17:30 9.775 9.787 9.756 9.772 391634
2012-06-15 17:40 9.801 9.801 9.801 9.801 4880244
2012-06-18 09:10 9.864 9.88 9.82 9.834 584894
2012-06-18 09:20 9.898 9.9 9.857 9.87 279850
2012-06-18 09:30 9.896 9.9 9.858 9.895 523695
2012-06-18 09:40 9.908 9.909 9.886 9.894 71904
2012-06-18 09:50 9.895 9.917 9.89 9.908 197923
2012-06-18 10:00 9.896 9.915 9.878 9.895 131066
2012-06-18 10:10 9.889 9.91 9.879 9.893 204169
2012-06-18 10:20 9.868 9.892 9.865 9.885 200625
2012-06-18 10:30 9.82 9.87 9.812 9.87 184089
2012-06-18 10:40 9.78 9.826 9.768 9.817 269121
2012-06-18 10:50 9.813 9.822 9.783 9.783 104812
2012-06-18 11:00 9.797 9.819 9.793 9.817 200769
2012-06-18 11:10 9.761 9.8 9.756 9.799 180038
2012-06-18 11:20 9.801 9.811 9.765 9.765 148348
2012-06-18 11:30 9.8 9.811 9.776 9.8 70514
2012-06-18 11:40 9.803 9.815 9.777 9.797 142497
2012-06-18 11:50 9.804 9.811 9.787 9.802 158241
2012-06-18 12:00 9.814 9.825 9.788 9.806 150097
2012-06-18 12:10 9.835 9.835 9.808 9.814 96585
2012-06-18 12:20 9.835 9.847 9.827 9.833 85956
2012-06-18 12:30 9.847 9.853 9.826 9.836 61324
2012-06-18 12:40 9.81 9.853 9.803 9.851 130287
2012-06-18 12:50 9.807 9.809 9.791 9.807 63886
2012-06-18 13:00 9.787 9.807 9.786 9.807 58766
2012-06-18 13:10 9.783 9.817 9.775 9.788 104162
2012-06-18 13:20 9.785 9.792 9.771 9.782 46390
2012-06-18 13:30 9.787 9.793 9.779 9.781 46911
2012-06-18 13:40 9.793 9.797 9.782 9.79 54030
2012-06-18 13:50 9.754 9.799 9.75 9.792 108253
2012-06-18 14:00 9.754 9.764 9.753 9.753 60657
2012-06-18 14:10 9.755 9.775 9.745 9.753 98199
2012-06-18 14:20 9.756 9.779 9.749 9.758 62951
2012-06-18 14:30 9.758 9.763 9.74 9.759 68758
2012-06-18 14:40 9.708 9.757 9.708 9.757 165614
2012-06-18 14:50 9.69 9.711 9.678 9.708 252825
2012-06-18 15:00 9.695 9.71 9.684 9.691 105887
2012-06-18 15:10 9.718 9.721 9.686 9.695 126675
2012-06-18 15:20 9.719 9.727 9.71 9.718 83901
2012-06-18 15:30 9.705 9.719 9.704 9.719 42973
2012-06-18 15:40 9.737 9.739 9.688 9.707 122119
2012-06-18 15:50 9.732 9.754 9.732 9.74 64037
2012-06-18 16:00 9.735 9.738 9.723 9.736 36479
2012-06-18 16:10 9.731 9.75 9.728 9.738 71507
2012-06-18 16:20 9.718 9.731 9.708 9.731 284796
2012-06-18 16:30 9.722 9.725 9.712 9.717 79779
2012-06-18 16:40 9.723 9.729 9.713 9.722 84680
2012-06-18 16:50 9.741 9.745 9.72 9.72 106237
2012-06-18 17:00 9.675 9.747 9.675 9.742 311980
2012-06-18 17:10 9.659 9.68 9.657 9.679 211347
2012-06-18 17:20 9.653 9.671 9.645 9.66 237797
2012-06-18 17:30 9.659 9.666 9.628 9.652 228422
2012-06-18 17:40 9.668 9.668 9.668 9.668 2217223
2012-06-19 09:10 9.723 9.766 9.7 9.712 511907
2012-06-19 09:20 9.705 9.737 9.69 9.717 302386
2012-06-19 09:30 9.708 9.737 9.694 9.702 169138
2012-06-19 09:40 9.694 9.72 9.688 9.708 307248
2012-06-19 09:50 9.691 9.7 9.681 9.694 202596
2012-06-19 10:00 9.666 9.695 9.656 9.692 366923
2012-06-19 10:10 9.602 9.665 9.593 9.665 283286
2012-06-19 10:20 9.598 9.608 9.576 9.599 189047
2012-06-19 10:30 9.59 9.598 9.573 9.598 172758
2012-06-19 10:40 9.588 9.597 9.578 9.588 171872
2012-06-19 10:50 9.613 9.616 9.584 9.589 217612
2012-06-19 11:00 9.626 9.647 9.618 9.618 153104
2012-06-19 11:10 9.653 9.672 9.596 9.618 199167
2012-06-19 11:20 9.686 9.686 9.646 9.652 173683
2012-06-19 11:30 9.705 9.712 9.688 9.689 171851
2012-06-19 11:40 9.714 9.718 9.705 9.709 191820
2012-06-19 11:50 9.72 9.725 9.71 9.712 69279
2012-06-19 12:00 9.726 9.731 9.714 9.722 72365
2012-06-19 12:10 9.718 9.733 9.711 9.728 106281
2012-06-19 12:20 9.713 9.726 9.709 9.717 87520
2012-06-19 12:30 9.725 9.729 9.714 9.715 55678
2012-06-19 12:40 9.716 9.729 9.703 9.724 127464
2012-06-19 12:50 9.712 9.72 9.708 9.716 118467
2012-06-19 13:00 9.71 9.713 9.7 9.712 59371
2012-06-19 13:10 9.711 9.718 9.71 9.714 47266
2012-06-19 13:20 9.697 9.711 9.695 9.711 57868
2012-06-19 13:30 9.707 9.712 9.695 9.696 152194
2012-06-19 13:40 9.691 9.711 9.69 9.71 39508
2012-06-19 13:50 9.709 9.714 9.692 9.694 76732
2012-06-19 14:00 9.712 9.725 9.705 9.709 74983
2012-06-19 14:10 9.71 9.711 9.695 9.708 54891
2012-06-19 14:20 9.716 9.717 9.709 9.712 72322
2012-06-19 14:30 9.717 9.72 9.71 9.718 45459
2012-06-19 14:40 9.704 9.724 9.7 9.717 92673
2012-06-19 14:50 9.685 9.709 9.682 9.702 80669
2012-06-19 15:00 9.678 9.695 9.678 9.686 71405
2012-06-19 15:10 9.725 9.725 9.672 9.677 188075
2012-06-19 15:20 9.742 9.743 9.72 9.723 149208
2012-06-19 15:30 9.755 9.755 9.736 9.741 157944
2012-06-19 15:40 9.748 9.766 9.747 9.755 141135
2012-06-19 15:50 9.764 9.764 9.737 9.747 101433
2012-06-19 16:00 9.798 9.798 9.764 9.767 115917
2012-06-19 16:10 9.802 9.812 9.795 9.799 235329
2012-06-19 16:20 9.831 9.834 9.802 9.802 217889
2012-06-19 16:30 9.841 9.847 9.831 9.831 247561
2012-06-19 16:40 9.828 9.848 9.828 9.844 156776
2012-06-19 16:50 9.823 9.829 9.803 9.829 114260
2012-06-19 17:00 9.848 9.848 9.812 9.823 587341
2012-06-19 17:10 9.856 9.863 9.847 9.847 447494
2012-06-19 17:20 9.856 9.859 9.835 9.855 349848
2012-06-19 17:30 9.858 9.863 9.846 9.858 328853
2012-06-19 17:40 9.865 9.865 9.865 9.865 2287418
2012-06-20 09:10 9.876 9.93 9.86 9.93 402262
2012-06-20 09:20 9.891 9.891 9.85 9.876 144932
2012-06-20 09:30 9.908 9.91 9.884 9.884 59592
2012-06-20 09:40 9.901 9.921 9.895 9.908 121457
2012-06-20 09:50 9.895 9.907 9.89 9.898 113086
2012-06-20 10:00 9.86 9.895 9.86 9.892 190702
2012-06-20 10:10 9.878 9.883 9.853 9.859 137419
2012-06-20 10:20 9.865 9.881 9.861 9.876 158023
2012-06-20 10:30 9.837 9.874 9.828 9.873 118068
2012-06-20 10:40 9.86 9.86 9.83 9.837 79831
2012-06-20 10:50 9.867 9.881 9.853 9.854 88745
2012-06-20 11:00 9.873 9.878 9.86 9.868 126650
2012-06-20 11:10 9.863 9.882 9.858 9.875 73122
2012-06-20 11:20 9.845 9.873 9.845 9.863 171414
2012-06-20 11:30 9.846 9.852 9.836 9.844 192715
2012-06-20 11:40 9.837 9.854 9.837 9.845 174457
2012-06-20 11:50 9.828 9.843 9.825 9.84 50479
2012-06-20 12:00 9.836 9.84 9.822 9.829 38008
2012-06-20 12:10 9.828 9.842 9.826 9.834 50127
2012-06-20 12:20 9.82 9.832 9.816 9.831 60101
2012-06-20 12:30 9.818 9.827 9.799 9.817 76463
2012-06-20 12:40 9.819 9.826 9.807 9.82 33471
2012-06-20 12:50 9.832 9.833 9.814 9.821 49653
2012-06-20 13:00 9.829 9.832 9.82 9.83 40022
2012-06-20 13:10 9.827 9.838 9.819 9.829 18188
2012-06-20 13:20 9.84 9.842 9.828 9.83 68727
2012-06-20 13:30 9.837 9.846 9.834 9.842 101750
2012-06-20 13:40 9.837 9.845 9.833 9.837 66829
2012-06-20 13:50 9.842 9.843 9.831 9.835 62064
2012-06-20 14:00 9.84 9.85 9.837 9.842 53892
2012-06-20 14:10 9.833 9.842 9.822 9.84 134576
2012-06-20 14:20 9.834 9.837 9.825 9.83 93936
2012-06-20 14:30 9.825 9.838 9.822 9.835 79468
2012-06-20 14:40 9.821 9.828 9.814 9.827 111211
2012-06-20 14:50 9.813 9.824 9.811 9.821 116405
2012-06-20 15:00 9.813 9.821 9.809 9.812 63786
2012-06-20 15:10 9.814 9.818 9.808 9.813 83209
2012-06-20 15:20 9.825 9.827 9.813 9.815 166582
2012-06-20 15:30 9.838 9.84 9.821 9.824 158288
2012-06-20 15:40 9.848 9.854 9.828 9.839 173711
2012-06-20 15:50 9.841 9.85 9.83 9.85 56675
2012-06-20 16:00 9.859 9.86 9.842 9.842 132258
2012-06-20 16:10 9.854 9.86 9.844 9.86 246885
2012-06-20 16:20 9.883 9.894 9.856 9.857 340053
2012-06-20 16:30 9.906 9.92 9.883 9.885 131572
2012-06-20 16:40 9.881 9.913 9.877 9.906 134526
2012-06-20 16:50 9.881 9.894 9.872 9.88 170011
2012-06-20 17:00 9.869 9.884 9.869 9.881 104898
2012-06-20 17:10 9.874 9.878 9.863 9.869 138944
2012-06-20 17:20 9.869 9.886 9.865 9.875 105532
2012-06-20 17:30 9.887 9.893 9.869 9.869 157622
2012-06-20 17:40 9.906 9.906 9.906 9.906 4331658
2012-06-21 09:10 9.827 9.866 9.819 9.866 209069
2012-06-21 09:20 9.814 9.848 9.802 9.833 124818
2012-06-21 09:30 9.82 9.84 9.803 9.818 177658
2012-06-21 09:40 9.797 9.83 9.791 9.822 62138
2012-06-21 09:50 9.789 9.806 9.776 9.797 128525
2012-06-21 10:00 9.779 9.791 9.773 9.79 109180
2012-06-21 10:10 9.793 9.794 9.77 9.777 91770
2012-06-21 10:20 9.79 9.798 9.772 9.795 111199
2012-06-21 10:30 9.775 9.791 9.773 9.79 83141
2012-06-21 10:40 9.772 9.782 9.761 9.778 154282
2012-06-21 10:50 9.76 9.784 9.759 9.772 91630
2012-06-21 11:00 9.777 9.781 9.753 9.763 76140
2012-06-21 11:10 9.784 9.791 9.777 9.777 72321
2012-06-21 11:20 9.807 9.807 9.782 9.784 163314
2012-06-21 11:30 9.787 9.81 9.784 9.807 135352
2012-06-21 11:40 9.783 9.796 9.783 9.787 76847
2012-06-21 11:50 9.784 9.797 9.782 9.784 88617
2012-06-21 12:00 9.789 9.792 9.783 9.785 62044
2012-06-21 12:10 9.795 9.795 9.786 9.789 51103
2012-06-21 12:20 9.788 9.791 9.781 9.791 94335
2012-06-21 12:30 9.796 9.808 9.791 9.791 105401
2012-06-21 12:40 9.791 9.797 9.786 9.797 68838
2012-06-21 12:50 9.799 9.799 9.787 9.791 139535
2012-06-21 13:00 9.792 9.797 9.785 9.797 38022
2012-06-21 13:10 9.797 9.797 9.782 9.79 86421
2012-06-21 13:20 9.817 9.819 9.789 9.796 156102
2012-06-21 13:30 9.83 9.838 9.814 9.816 84540
2012-06-21 13:40 9.826 9.842 9.819 9.832 128139
2012-06-21 13:50 9.855 9.862 9.811 9.823 246486
2012-06-21 14:00 9.849 9.865 9.845 9.856 208056
2012-06-21 14:10 9.849 9.867 9.841 9.849 245945
2012-06-21 14:20 9.848 9.848 9.832 9.844 140652
2012-06-21 14:30 9.84 9.856 9.834 9.846 281453
2012-06-21 14:40 9.848 9.86 9.835 9.846 258576
2012-06-21 14:50 9.864 9.873 9.841 9.848 230577
2012-06-21 15:00 9.854 9.868 9.838 9.865 2931544
2012-06-21 15:10 9.865 9.872 9.848 9.857 196944
2012-06-21 15:20 9.903 9.907 9.864 9.864 249687
2012-06-21 15:30 9.92 9.922 9.895 9.901 220445
2012-06-21 15:40 9.906 9.935 9.902 9.922 153776
2012-06-21 15:50 9.908 9.915 9.892 9.904 135759
2012-06-21 16:00 9.88 9.919 9.88 9.907 102491
2012-06-21 16:10 9.886 9.899 9.873 9.892 94866
2012-06-21 16:20 9.883 9.899 9.879 9.884 61447
2012-06-21 16:30 9.875 9.89 9.862 9.884 81998
