Date Hour Close High Low Open Volume
2012-06-13 09:10 16.715 16.8 16.61 16.63 417828
2012-06-13 09:20 16.675 16.705 16.65 16.695 163370
2012-06-13 09:30 16.765 16.78 16.675 16.675 143133
2012-06-13 09:40 16.82 16.84 16.75 16.775 161007
2012-06-13 09:50 16.815 16.83 16.78 16.83 121115
2012-06-13 10:00 16.815 16.845 16.8 16.815 89407
2012-06-13 10:10 16.78 16.815 16.735 16.815 92354
2012-06-13 10:20 16.815 16.845 16.79 16.805 184156
2012-06-13 10:30 16.78 16.83 16.78 16.825 100139
2012-06-13 10:40 16.73 16.77 16.73 16.765 35777
2012-06-13 10:50 16.7 16.735 16.68 16.725 72518
2012-06-13 11:00 16.705 16.72 16.695 16.715 20758
2012-06-13 11:10 16.715 16.735 16.695 16.7 30240
2012-06-13 11:20 16.78 16.78 16.705 16.72 51979
2012-06-13 11:30 16.79 16.805 16.775 16.78 58821
2012-06-13 11:40 16.715 16.795 16.685 16.795 57934
2012-06-13 11:50 16.71 16.72 16.685 16.715 27612
2012-06-13 12:00 16.71 16.715 16.67 16.7 32176
2012-06-13 12:10 16.73 16.75 16.68 16.7 55697
2012-06-13 12:20 16.71 16.755 16.695 16.73 32605
2012-06-13 12:30 16.68 16.725 16.68 16.71 29720
2012-06-13 12:40 16.66 16.705 16.645 16.69 26348
2012-06-13 12:50 16.67 16.67 16.64 16.655 26107
2012-06-13 13:00 16.675 16.69 16.65 16.69 58386
2012-06-13 13:10 16.68 16.685 16.665 16.685 16228
2012-06-13 13:20 16.655 16.68 16.65 16.67 14603
2012-06-13 13:30 16.635 16.67 16.61 16.67 20797
2012-06-13 13:40 16.67 16.675 16.63 16.63 71938
2012-06-13 13:50 16.715 16.735 16.665 16.67 71736
2012-06-13 14:00 16.72 16.735 16.715 16.72 37489
2012-06-13 14:10 16.73 16.76 16.72 16.72 51094
2012-06-13 14:20 16.7 16.735 16.69 16.73 26802
2012-06-13 14:30 16.685 16.72 16.68 16.71 27049
2012-06-13 14:40 16.705 16.715 16.66 16.675 103049
2012-06-13 14:50 16.645 16.715 16.625 16.705 193767
2012-06-13 15:00 16.655 16.67 16.635 16.64 29391
2012-06-13 15:10 16.635 16.655 16.625 16.655 32672
2012-06-13 15:20 16.63 16.635 16.59 16.635 93439
2012-06-13 15:30 16.665 16.67 16.62 16.62 40220
2012-06-13 15:40 16.66 16.7 16.635 16.66 71782
2012-06-13 15:50 16.675 16.69 16.635 16.655 35818
2012-06-13 16:00 16.615 16.665 16.595 16.66 88064
2012-06-13 16:10 16.645 16.66 16.625 16.625 159035
2012-06-13 16:20 16.675 16.695 16.65 16.655 39561
2012-06-13 16:30 16.67 16.705 16.645 16.685 53150
2012-06-13 16:40 16.76 16.765 16.66 16.675 43320
2012-06-13 16:50 16.685 16.775 16.68 16.765 63979
2012-06-13 17:00 16.69 16.705 16.67 16.685 83178
2012-06-13 17:10 16.575 16.68 16.575 16.68 103569
2012-06-13 17:20 16.575 16.615 16.545 16.58 142568
2012-06-13 17:30 16.61 16.615 16.575 16.58 130256
2012-06-13 17:40 16.62 16.62 16.62 16.62 1051525
2012-06-14 09:10 16.625 16.705 16.605 16.62 155743
2012-06-14 09:20 16.68 16.7 16.6 16.61 86099
2012-06-14 09:30 16.685 16.73 16.665 16.675 52438
2012-06-14 09:40 16.795 16.81 16.665 16.69 57715
2012-06-14 09:50 16.71 16.79 16.69 16.78 20818
2012-06-14 10:00 16.665 16.71 16.66 16.695 86848
2012-06-14 10:10 16.6 16.675 16.585 16.665 63815
2012-06-14 10:20 16.585 16.62 16.56 16.6 47462
2012-06-14 10:30 16.545 16.585 16.52 16.585 51645
2012-06-14 10:40 16.545 16.585 16.53 16.535 53555
2012-06-14 10:50 16.545 16.625 16.53 16.545 54340
2012-06-14 11:00 16.56 16.58 16.49 16.55 75493
2012-06-14 11:10 16.53 16.56 16.49 16.555 99010
2012-06-14 11:20 16.545 16.575 16.52 16.525 66908
2012-06-14 11:30 16.58 16.595 16.53 16.54 47848
2012-06-14 11:40 16.58 16.62 16.56 16.575 48137
2012-06-14 11:50 16.545 16.56 16.525 16.56 74437
2012-06-14 12:00 16.595 16.595 16.525 16.54 66552
2012-06-14 12:10 16.6 16.62 16.59 16.59 53523
2012-06-14 12:20 16.62 16.64 16.585 16.59 49975
2012-06-14 12:30 16.705 16.71 16.605 16.615 67319
2012-06-14 12:40 16.735 16.785 16.695 16.705 88187
2012-06-14 12:50 16.76 16.77 16.735 16.735 48313
2012-06-14 13:00 16.73 16.76 16.72 16.76 33875
2012-06-14 13:10 16.71 16.74 16.705 16.725 54392
2012-06-14 13:20 16.685 16.715 16.685 16.7 68527
2012-06-14 13:30 16.63 16.685 16.625 16.685 81949
2012-06-14 13:40 16.62 16.655 16.6 16.625 39625
2012-06-14 13:50 16.605 16.62 16.6 16.615 34690
2012-06-14 14:00 16.585 16.6 16.565 16.6 30462
2012-06-14 14:10 16.59 16.595 16.565 16.585 45402
2012-06-14 14:20 16.59 16.595 16.56 16.585 31056
2012-06-14 14:30 16.56 16.615 16.555 16.595 32200
2012-06-14 14:40 16.56 16.585 16.525 16.56 67594
2012-06-14 14:50 16.58 16.61 16.555 16.56 46250
2012-06-14 15:00 16.65 16.665 16.61 16.61 69921
2012-06-14 15:10 16.665 16.675 16.64 16.645 43230
2012-06-14 15:20 16.745 16.755 16.66 16.67 186597
2012-06-14 15:30 16.72 16.75 16.72 16.75 111936
2012-06-14 15:40 16.725 16.75 16.705 16.72 124415
2012-06-14 15:50 16.715 16.78 16.69 16.71 69954
2012-06-14 16:00 16.72 16.735 16.665 16.72 66708
2012-06-14 16:10 16.76 16.77 16.725 16.725 63907
2012-06-14 16:20 16.71 16.77 16.7 16.76 35468
2012-06-14 16:30 16.74 16.76 16.685 16.71 72465
2012-06-14 16:40 16.72 16.755 16.7 16.74 84026
2012-06-14 16:50 16.735 16.76 16.725 16.725 53589
2012-06-14 17:00 16.74 16.76 16.72 16.735 72133
2012-06-14 17:10 16.725 16.745 16.7 16.745 80021
2012-06-14 17:20 16.78 16.79 16.715 16.725 154199
2012-06-14 17:30 16.795 16.805 16.775 16.78 115148
2012-06-14 17:40 16.77 16.77 16.77 16.77 710716
2012-06-15 09:10 16.97 16.99 16.85 16.855 405958
2012-06-15 09:20 17.095 17.105 16.98 16.99 375569
2012-06-15 09:30 17.12 17.15 17.085 17.105 425104
2012-06-15 09:40 17.115 17.15 17.09 17.13 195936
2012-06-15 09:50 17.085 17.11 17.03 17.105 137579
2012-06-15 10:00 17.045 17.08 17.02 17.08 91256
2012-06-15 10:10 17.005 17.055 16.99 17.035 117454
2012-06-15 10:20 17.03 17.055 16.99 17.005 133324
2012-06-15 10:30 17.06 17.075 17.015 17.025 56747
2012-06-15 10:40 17.145 17.15 17.05 17.055 149563
2012-06-15 10:50 17.085 17.135 17.085 17.135 187464
2012-06-15 11:00 17.08 17.11 17.075 17.095 55911
2012-06-15 11:10 17.145 17.145 17.085 17.09 86541
2012-06-15 11:20 17.075 17.15 17.075 17.145 138676
2012-06-15 11:30 17.15 17.15 17.055 17.085 173087
2012-06-15 11:40 17.135 17.17 17.135 17.15 50324
2012-06-15 11:50 17.14 17.21 17.135 17.15 300313
2012-06-15 12:00 17.095 17.165 17.05 17.145 2684898
2012-06-15 12:10 17.02 17.12 17.015 17.09 175497
2012-06-15 12:20 16.985 17.035 16.98 17.025 171885
2012-06-15 12:30 17.05 17.07 16.99 16.99 76555
2012-06-15 12:40 17.045 17.055 17.02 17.045 87958
2012-06-15 12:50 17.08 17.09 17.045 17.045 35535
2012-06-15 13:00 17.125 17.125 17.085 17.085 118723
2012-06-15 13:10 17.145 17.18 17.125 17.13 103188
2012-06-15 13:20 17.16 17.18 17.14 17.145 166808
2012-06-15 13:30 17.165 17.175 17.155 17.165 81683
2012-06-15 13:40 17.14 17.175 17.135 17.17 37469
2012-06-15 13:50 17.1 17.165 17.095 17.14 45378
2012-06-15 14:00 17.075 17.1 17.06 17.095 53798
2012-06-15 14:10 17.055 17.08 17.05 17.075 46055
2012-06-15 14:20 17.005 17.06 17.0 17.055 97910
2012-06-15 14:30 17.065 17.08 17.0 17.005 127177
2012-06-15 14:40 17.075 17.09 17.02 17.045 48392
2012-06-15 14:50 17.075 17.11 17.075 17.075 65138
2012-06-15 15:00 17.055 17.095 17.04 17.07 81579
2012-06-15 15:10 17.065 17.075 17.02 17.055 30373
2012-06-15 15:20 17.045 17.09 17.045 17.07 38866
2012-06-15 15:30 17.07 17.085 17.05 17.05 35294
2012-06-15 15:40 17.045 17.09 17.04 17.065 35073
2012-06-15 15:50 17.115 17.115 17.045 17.055 211845
2012-06-15 16:00 17.14 17.145 17.07 17.11 324569
2012-06-15 16:10 17.095 17.145 17.09 17.145 38475
2012-06-15 16:20 17.095 17.13 17.095 17.1 69967
2012-06-15 16:30 17.1 17.105 17.075 17.095 41785
2012-06-15 16:40 17.105 17.12 17.08 17.11 104227
2012-06-15 16:50 17.14 17.14 17.07 17.115 74676
2012-06-15 17:00 17.12 17.15 17.12 17.145 75757
2012-06-15 17:10 17.09 17.115 17.08 17.115 83924
2012-06-15 17:20 17.055 17.11 17.05 17.095 181960
2012-06-15 17:30 17.07 17.1 17.035 17.05 128173
2012-06-15 17:40 17.105 17.105 17.105 17.105 3875669
2012-06-18 09:10 17.25 17.325 17.21 17.21 245892
2012-06-18 09:20 17.355 17.375 17.21 17.235 143868
2012-06-18 09:30 17.26 17.365 17.225 17.365 203504
2012-06-18 09:40 17.27 17.33 17.225 17.25 98713
2012-06-18 09:50 17.245 17.285 17.245 17.27 110714
2012-06-18 10:00 17.26 17.3 17.225 17.245 111227
2012-06-18 10:10 17.23 17.27 17.2 17.265 152709
2012-06-18 10:20 17.2 17.255 17.185 17.215 78484
2012-06-18 10:30 17.145 17.175 17.11 17.175 131102
2012-06-18 10:40 17.085 17.15 17.035 17.145 62040
2012-06-18 10:50 17.14 17.155 17.095 17.095 38174
2012-06-18 11:00 17.125 17.15 17.095 17.14 73451
2012-06-18 11:10 17.065 17.125 17.065 17.12 73102
2012-06-18 11:20 17.13 17.15 17.07 17.07 66594
2012-06-18 11:30 17.12 17.15 17.1 17.12 44504
2012-06-18 11:40 17.165 17.195 17.105 17.125 104290
2012-06-18 11:50 17.135 17.17 17.13 17.16 71481
2012-06-18 12:00 17.13 17.15 17.095 17.135 64545
2012-06-18 12:10 17.14 17.15 17.12 17.13 89021
2012-06-18 12:20 17.125 17.155 17.11 17.13 80117
2012-06-18 12:30 17.145 17.16 17.115 17.13 52065
2012-06-18 12:40 17.07 17.145 17.07 17.14 28010
2012-06-18 12:50 17.085 17.095 17.04 17.085 30751
2012-06-18 13:00 17.03 17.085 17.025 17.075 36076
2012-06-18 13:10 17.015 17.07 17.0 17.03 72611
2012-06-18 13:20 17.015 17.03 16.985 17.02 35407
2012-06-18 13:30 17.005 17.045 17.0 17.025 15061
2012-06-18 13:40 17.025 17.045 16.995 17.015 22998
2012-06-18 13:50 16.955 17.04 16.955 17.025 38768
2012-06-18 14:00 16.945 16.975 16.945 16.965 27538
2012-06-18 14:10 16.955 16.975 16.935 16.955 44065
2012-06-18 14:20 16.95 16.99 16.93 16.96 53776
2012-06-18 14:30 16.915 16.955 16.89 16.955 45919
2012-06-18 14:40 16.83 16.92 16.825 16.905 104090
2012-06-18 14:50 16.78 16.835 16.775 16.825 114608
2012-06-18 15:00 16.79 16.81 16.77 16.79 101886
2012-06-18 15:10 16.805 16.835 16.785 16.805 56200
2012-06-18 15:20 16.8 16.815 16.785 16.805 36905
2012-06-18 15:30 16.785 16.805 16.78 16.795 35105
2012-06-18 15:40 16.855 16.855 16.755 16.785 68120
2012-06-18 15:50 16.845 16.88 16.845 16.855 34710
2012-06-18 16:00 16.855 16.855 16.785 16.84 42847
2012-06-18 16:10 16.815 16.86 16.81 16.845 36245
2012-06-18 16:20 16.86 16.86 16.79 16.81 50594
2012-06-18 16:30 16.87 16.88 16.85 16.86 39843
2012-06-18 16:40 16.855 16.885 16.845 16.875 77037
2012-06-18 16:50 16.89 16.895 16.835 16.865 91698
2012-06-18 17:00 16.78 16.895 16.77 16.89 82969
2012-06-18 17:10 16.78 16.81 16.76 16.775 190762
2012-06-18 17:20 16.765 16.815 16.76 16.78 156076
2012-06-18 17:30 16.82 16.82 16.725 16.77 141265
2012-06-18 17:40 16.83 16.83 16.83 16.83 999846
2012-06-19 09:10 16.83 17.0 16.83 16.89 178595
2012-06-19 09:20 16.76 16.865 16.76 16.83 161751
2012-06-19 09:30 16.735 16.765 16.7 16.76 199736
2012-06-19 09:40 16.81 16.83 16.73 16.73 71969
2012-06-19 09:50 16.84 16.86 16.78 16.8 87769
2012-06-19 10:00 16.755 16.83 16.725 16.83 76668
2012-06-19 10:10 16.56 16.765 16.55 16.75 179061
2012-06-19 10:20 16.625 16.64 16.56 16.56 112201
2012-06-19 10:30 16.61 16.645 16.6 16.62 54828
2012-06-19 10:40 16.65 16.68 16.61 16.61 33681
2012-06-19 10:50 16.66 16.675 16.625 16.645 116384
2012-06-19 11:00 16.675 16.725 16.67 16.67 109032
2012-06-19 11:10 16.735 16.765 16.65 16.67 53539
2012-06-19 11:20 16.75 16.8 16.72 16.725 81206
2012-06-19 11:30 16.82 16.845 16.755 16.755 75820
2012-06-19 11:40 16.765 16.825 16.765 16.815 38810
2012-06-19 11:50 16.8 16.8 16.755 16.775 28726
2012-06-19 12:00 16.75 16.81 16.73 16.8 69775
2012-06-19 12:10 16.755 16.79 16.745 16.745 59187
2012-06-19 12:20 16.72 16.77 16.71 16.76 49543
2012-06-19 12:30 16.71 16.725 16.7 16.72 30141
2012-06-19 12:40 16.73 16.735 16.675 16.715 67506
2012-06-19 12:50 16.745 16.745 16.71 16.725 43397
2012-06-19 13:00 16.79 16.79 16.735 16.745 27446
2012-06-19 13:10 16.805 16.835 16.785 16.795 41978
2012-06-19 13:20 16.76 16.805 16.76 16.8 33751
2012-06-19 13:30 16.785 16.8 16.765 16.77 24059
2012-06-19 13:40 16.76 16.785 16.755 16.785 14239
2012-06-19 13:50 16.745 16.77 16.745 16.755 77643
2012-06-19 14:00 16.745 16.78 16.725 16.745 58193
2012-06-19 14:10 16.745 16.76 16.715 16.75 43587
2012-06-19 14:20 16.765 16.765 16.735 16.75 22149
2012-06-19 14:30 16.75 16.765 16.74 16.765 15583
2012-06-19 14:40 16.7 16.765 16.7 16.755 31052
2012-06-19 14:50 16.7 16.71 16.665 16.7 69992
2012-06-19 15:00 16.675 16.735 16.675 16.7 44964
2012-06-19 15:10 16.76 16.76 16.67 16.67 90678
2012-06-19 15:20 16.77 16.775 16.745 16.755 60711
2012-06-19 15:30 16.74 16.77 16.735 16.77 46881
2012-06-19 15:40 16.735 16.78 16.735 16.74 57053
2012-06-19 15:50 16.73 16.74 16.7 16.73 41794
2012-06-19 16:00 16.815 16.815 16.745 16.745 52277
2012-06-19 16:10 16.79 16.82 16.79 16.815 48942
2012-06-19 16:20 16.89 16.89 16.79 16.79 91358
2012-06-19 16:30 16.86 16.92 16.855 16.89 132249
2012-06-19 16:40 16.89 16.92 16.86 16.86 121592
2012-06-19 16:50 16.88 16.885 16.84 16.88 174737
2012-06-19 17:00 16.98 16.98 16.885 16.885 107328
2012-06-19 17:10 17.005 17.025 16.975 16.975 156254
2012-06-19 17:20 16.96 17.02 16.96 17.01 118620
2012-06-19 17:30 16.955 16.965 16.92 16.955 270902
2012-06-19 17:40 16.99 16.99 16.99 16.99 985320
2012-06-20 09:10 16.985 17.07 16.96 17.05 83878
2012-06-20 09:20 17.015 17.035 16.98 17.01 48480
2012-06-20 09:30 17.0 17.04 16.98 17.01 58766
2012-06-20 09:40 17.015 17.05 17.005 17.01 40702
2012-06-20 09:50 17.065 17.07 17.01 17.025 24275
2012-06-20 10:00 17.07 17.1 17.03 17.065 71630
2012-06-20 10:10 17.125 17.13 17.05 17.06 31307
2012-06-20 10:20 17.12 17.17 17.105 17.135 53154
2012-06-20 10:30 17.13 17.145 17.12 17.13 71560
2012-06-20 10:40 17.17 17.17 17.12 17.13 70089
2012-06-20 10:50 17.195 17.21 17.17 17.175 93033
2012-06-20 11:00 17.21 17.22 17.175 17.195 113075
2012-06-20 11:10 17.14 17.215 17.13 17.215 71342
2012-06-20 11:20 17.145 17.175 17.14 17.145 104325
2012-06-20 11:30 17.17 17.17 17.145 17.15 74184
2012-06-20 11:40 17.185 17.195 17.15 17.16 88154
2012-06-20 11:50 17.17 17.21 17.17 17.195 74315
2012-06-20 12:00 17.19 17.21 17.17 17.175 53852
2012-06-20 12:10 17.19 17.21 17.18 17.19 59799
2012-06-20 12:20 17.18 17.205 17.175 17.19 45631
2012-06-20 12:30 17.155 17.19 17.15 17.18 143210
2012-06-20 12:40 17.16 17.18 17.145 17.15 62486
2012-06-20 12:50 17.175 17.19 17.15 17.16 48536
2012-06-20 13:00 17.2 17.2 17.18 17.185 34201
2012-06-20 13:10 17.19 17.21 17.19 17.195 79769
2012-06-20 13:20 17.205 17.205 17.185 17.19 39386
2012-06-20 13:30 17.22 17.235 17.205 17.21 55391
2012-06-20 13:40 17.255 17.27 17.215 17.215 55528
2012-06-20 13:50 17.24 17.26 17.235 17.25 41230
2012-06-20 14:00 17.255 17.265 17.235 17.255 22197
2012-06-20 14:10 17.215 17.255 17.2 17.245 28806
2012-06-20 14:20 17.215 17.215 17.18 17.215 38795
2012-06-20 14:30 17.195 17.22 17.19 17.21 37787
2012-06-20 14:40 17.235 17.235 17.19 17.195 72123
2012-06-20 14:50 17.21 17.24 17.2 17.24 24267
2012-06-20 15:00 17.225 17.225 17.2 17.2 35792
2012-06-20 15:10 17.215 17.23 17.21 17.225 27338
2012-06-20 15:20 17.245 17.25 17.21 17.21 31373
2012-06-20 15:30 17.265 17.265 17.23 17.25 45231
2012-06-20 15:40 17.205 17.265 17.2 17.265 40248
2012-06-20 15:50 17.2 17.225 17.195 17.205 48246
2012-06-20 16:00 17.275 17.28 17.2 17.205 220588
2012-06-20 16:10 17.34 17.345 17.26 17.275 241162
2012-06-20 16:20 17.31 17.35 17.31 17.34 116752
2012-06-20 16:30 17.345 17.37 17.31 17.315 191134
2012-06-20 16:40 17.295 17.35 17.29 17.345 111897
2012-06-20 16:50 17.25 17.3 17.245 17.3 75808
2012-06-20 17:00 17.3 17.305 17.245 17.255 108570
2012-06-20 17:10 17.305 17.315 17.295 17.3 76304
2012-06-20 17:20 17.295 17.315 17.28 17.3 106603
2012-06-20 17:30 17.3 17.31 17.275 17.3 112071
2012-06-20 17:40 17.295 17.295 17.295 17.295 1101321
2012-06-21 09:10 17.495 17.55 17.305 17.33 549483
2012-06-21 09:20 17.595 17.61 17.48 17.49 657923
2012-06-21 09:30 17.635 17.68 17.58 17.59 492463
2012-06-21 09:40 17.57 17.635 17.535 17.635 172768
2012-06-21 09:50 17.555 17.61 17.515 17.565 443944
2012-06-21 10:00 17.555 17.575 17.515 17.545 331405
2012-06-21 10:10 17.555 17.555 17.525 17.545 111758
2012-06-21 10:20 17.625 17.63 17.515 17.555 213207
2012-06-21 10:30 17.465 17.63 17.455 17.63 161490
2012-06-21 10:40 17.53 17.545 17.425 17.47 130961
2012-06-21 10:50 17.575 17.58 17.51 17.53 167596
2012-06-21 11:00 17.615 17.63 17.555 17.575 141794
2012-06-21 11:10 17.625 17.625 17.585 17.615 79459
2012-06-21 11:20 17.645 17.65 17.6 17.615 115812
2012-06-21 11:30 17.6 17.65 17.595 17.65 94303
2012-06-21 11:40 17.605 17.625 17.585 17.605 69388
2012-06-21 11:50 17.645 17.65 17.61 17.61 140198
2012-06-21 12:00 17.595 17.65 17.595 17.64 102315
2012-06-21 12:10 17.6 17.61 17.58 17.6 49795
2012-06-21 12:20 17.595 17.605 17.58 17.6 40389
2012-06-21 12:30 17.6 17.615 17.585 17.6 52258
2012-06-21 12:40 17.55 17.59 17.55 17.59 24489
2012-06-21 12:50 17.515 17.55 17.475 17.55 59048
2012-06-21 13:00 17.535 17.54 17.5 17.515 48432
2012-06-21 13:10 17.565 17.57 17.53 17.535 61060
2012-06-21 13:20 17.575 17.585 17.545 17.56 55719
2012-06-21 13:30 17.615 17.635 17.585 17.585 59733
2012-06-21 13:40 17.61 17.63 17.6 17.62 39241
2012-06-21 13:50 17.635 17.655 17.595 17.605 206923
2012-06-21 14:00 17.635 17.64 17.615 17.64 25202
2012-06-21 14:10 17.65 17.675 17.635 17.635 119874
2012-06-21 14:20 17.675 17.68 17.64 17.645 103084
2012-06-21 14:30 17.665 17.68 17.65 17.675 123673
2012-06-21 14:40 17.68 17.69 17.66 17.66 157734
2012-06-21 14:50 17.695 17.7 17.665 17.665 152940
2012-06-21 15:00 17.665 17.7 17.655 17.7 82674
2012-06-21 15:10 17.655 17.7 17.655 17.67 114269
2012-06-21 15:20 17.69 17.71 17.66 17.66 155706
2012-06-21 15:30 17.71 17.725 17.68 17.69 81706
2012-06-21 15:40 17.68 17.72 17.67 17.715 74159
2012-06-21 15:50 17.655 17.675 17.65 17.675 21483
2012-06-21 16:00 17.605 17.68 17.605 17.655 38266
2012-06-21 16:10 17.6 17.66 17.57 17.6 157705
2012-06-21 16:20 17.605 17.625 17.585 17.59 94635
2012-06-21 16:30 17.58 17.625 17.555 17.605 59364
