Date Hour Close High Low Open Volume
2012-06-13 09:10 93.06 93.11 92.49 92.5 32961
2012-06-13 09:20 93.07 93.17 92.86 92.99 9884
2012-06-13 09:30 93.11 93.11 92.93 93.08 4246
2012-06-13 09:40 93.03 93.18 93.03 93.11 19041
2012-06-13 09:50 93.08 93.1 92.86 92.98 7266
2012-06-13 10:00 92.72 93.17 92.72 93.08 17108
2012-06-13 10:10 92.75 92.77 92.6 92.72 30165
2012-06-13 10:20 92.84 92.99 92.53 92.74 21646
2012-06-13 10:30 92.63 92.89 92.62 92.86 8879
2012-06-13 10:40 92.74 92.8 92.61 92.63 4615
2012-06-13 10:50 92.69 92.85 92.63 92.75 19645
2012-06-13 11:00 92.58 92.71 92.56 92.69 5868
2012-06-13 11:10 92.67 92.75 92.57 92.57 12151
2012-06-13 11:20 92.74 92.8 92.63 92.68 10660
2012-06-13 11:30 92.66 92.79 92.61 92.77 8012
2012-06-13 11:40 92.51 92.7 92.45 92.65 8947
2012-06-13 11:50 92.63 92.7 92.45 92.45 9554
2012-06-13 12:00 92.56 92.64 92.54 92.63 3414
2012-06-13 12:10 92.66 92.69 92.44 92.56 9505
2012-06-13 12:20 92.9 92.92 92.66 92.69 14249
2012-06-13 12:30 92.62 92.89 92.61 92.89 8038
2012-06-13 12:40 92.66 92.67 92.59 92.59 4249
2012-06-13 12:50 92.67 92.69 92.58 92.68 3160
2012-06-13 13:00 92.64 92.71 92.62 92.69 3957
2012-06-13 13:10 92.64 92.69 92.6 92.61 4151
2012-06-13 13:20 92.55 92.65 92.51 92.65 3456
2012-06-13 13:30 92.57 92.67 92.48 92.58 4968
2012-06-13 13:40 92.68 92.73 92.54 92.54 13029
2012-06-13 13:50 92.9 92.9 92.66 92.68 14172
2012-06-13 14:00 92.84 93.01 92.84 92.9 14423
2012-06-13 14:10 92.78 92.9 92.76 92.87 6737
2012-06-13 14:20 92.84 92.84 92.7 92.79 9585
2012-06-13 14:30 92.61 92.83 92.61 92.81 5801
2012-06-13 14:40 92.85 92.87 92.52 92.52 5256
2012-06-13 14:50 92.76 92.9 92.72 92.88 8180
2012-06-13 15:00 92.76 92.89 92.72 92.76 9069
2012-06-13 15:10 92.78 92.79 92.71 92.77 8405
2012-06-13 15:20 92.74 92.78 92.63 92.78 13643
2012-06-13 15:30 92.56 92.75 92.51 92.74 8558
2012-06-13 15:40 92.42 92.58 92.4 92.56 8340
2012-06-13 15:50 92.53 92.56 92.4 92.4 3808
2012-06-13 16:00 92.5 92.5 92.26 92.49 6682
2012-06-13 16:10 92.58 92.66 92.43 92.47 15435
2012-06-13 16:20 92.66 92.67 92.58 92.58 7898
2012-06-13 16:30 92.66 92.82 92.56 92.67 24341
2012-06-13 16:40 92.76 92.76 92.57 92.68 9665
2012-06-13 16:50 92.67 92.82 92.67 92.75 9223
2012-06-13 17:00 92.69 92.79 92.62 92.7 16209
2012-06-13 17:10 92.39 92.74 92.34 92.68 19251
2012-06-13 17:20 92.55 92.56 92.26 92.38 40409
2012-06-13 17:30 92.59 92.65 92.52 92.54 13389
2012-06-13 17:40 92.7 92.7 92.7 92.7 149807
2012-06-14 09:10 92.47 92.6 92.36 92.5 13830
2012-06-14 09:20 92.34 92.57 92.21 92.47 8775
2012-06-14 09:30 92.52 92.55 92.35 92.38 5531
2012-06-14 09:40 92.63 92.69 92.36 92.57 5862
2012-06-14 09:50 92.57 92.69 92.5 92.65 3028
2012-06-14 10:00 92.53 92.7 92.5 92.63 3818
2012-06-14 10:10 92.42 92.58 92.3 92.48 15566
2012-06-14 10:20 92.44 92.48 92.37 92.39 11316
2012-06-14 10:30 92.33 92.43 92.26 92.43 9812
2012-06-14 10:40 92.24 92.39 92.23 92.33 6821
2012-06-14 10:50 91.95 92.24 91.95 92.24 7937
2012-06-14 11:00 92.02 92.14 91.87 91.95 14165
2012-06-14 11:10 92.11 92.19 92.0 92.02 7733
2012-06-14 11:20 92.08 92.18 92.07 92.1 12522
2012-06-14 11:30 92.07 92.14 91.97 92.06 12331
2012-06-14 11:40 91.95 92.03 91.88 92.01 15913
2012-06-14 11:50 91.98 92.04 91.89 91.95 14885
2012-06-14 12:00 92.22 92.22 91.96 91.96 9103
2012-06-14 12:10 92.01 92.25 92.01 92.24 5824
2012-06-14 12:20 92.18 92.24 91.95 92.04 6333
2012-06-14 12:30 92.52 92.53 92.12 92.12 10733
2012-06-14 12:40 92.67 92.8 92.45 92.5 10216
2012-06-14 12:50 92.6 92.79 92.56 92.67 10656
2012-06-14 13:00 92.53 92.63 92.48 92.57 2616
2012-06-14 13:10 92.63 92.68 92.48 92.48 2984
2012-06-14 13:20 92.58 92.59 92.47 92.57 4621
2012-06-14 13:30 92.5 92.6 92.5 92.57 3267
2012-06-14 13:40 92.5 92.61 92.41 92.5 3492
2012-06-14 13:50 92.38 92.49 92.3 92.44 5155
2012-06-14 14:00 92.41 92.45 92.26 92.34 6862
2012-06-14 14:10 92.5 92.5 92.37 92.43 13059
2012-06-14 14:20 92.64 92.64 92.5 92.5 4538
2012-06-14 14:30 92.45 92.65 92.4 92.64 7644
2012-06-14 14:40 92.45 92.5 92.28 92.4 7627
2012-06-14 14:50 92.58 92.62 92.5 92.5 5587
2012-06-14 15:00 92.55 92.66 92.47 92.6 15717
2012-06-14 15:10 92.57 92.63 92.49 92.55 9036
2012-06-14 15:20 92.62 92.68 92.51 92.54 7894
2012-06-14 15:30 92.41 92.63 92.4 92.63 5617
2012-06-14 15:40 92.41 92.5 92.22 92.42 20935
2012-06-14 15:50 92.29 92.39 92.18 92.29 8746
2012-06-14 16:00 92.5 92.5 92.1 92.24 8298
2012-06-14 16:10 92.43 92.62 92.4 92.53 10907
2012-06-14 16:20 92.17 92.47 92.16 92.44 8093
2012-06-14 16:30 92.28 92.3 92.06 92.16 14206
2012-06-14 16:40 92.32 92.42 92.24 92.29 12925
2012-06-14 16:50 92.4 92.44 92.32 92.34 5812
2012-06-14 17:00 92.36 92.42 92.35 92.4 8629
2012-06-14 17:10 92.25 92.39 92.23 92.39 15655
2012-06-14 17:20 92.25 92.32 92.19 92.25 16425
2012-06-14 17:30 92.36 92.37 92.2 92.27 11916
2012-06-14 17:40 92.22 92.22 92.22 92.22 187615
2012-06-15 09:10 92.41 92.64 92.16 92.37 41164
2012-06-15 09:20 92.29 92.5 92.29 92.41 31611
2012-06-15 09:30 92.21 92.45 92.15 92.29 15218
2012-06-15 09:40 91.99 92.33 91.93 92.27 19248
2012-06-15 09:50 91.92 92.03 91.85 91.99 19611
2012-06-15 10:00 91.7 91.97 91.63 91.95 33700
2012-06-15 10:10 91.46 91.69 91.28 91.68 31823
2012-06-15 10:20 91.57 91.62 91.32 91.45 23938
2012-06-15 10:30 91.53 91.58 91.47 91.56 22062
2012-06-15 10:40 91.5 91.62 91.47 91.54 17191
2012-06-15 10:50 91.47 91.6 91.47 91.48 9102
2012-06-15 11:00 91.55 91.59 91.47 91.47 20227
2012-06-15 11:10 91.5 91.63 91.45 91.55 20352
2012-06-15 11:20 91.33 91.56 91.23 91.5 17837
2012-06-15 11:30 91.44 91.44 91.24 91.33 10203
2012-06-15 11:40 91.44 91.62 91.44 91.44 14122
2012-06-15 11:50 91.39 91.62 91.28 91.44 20327
2012-06-15 12:00 91.64 91.99 91.25 91.39 359079
2012-06-15 12:10 91.68 91.72 91.52 91.67 15599
2012-06-15 12:20 91.54 91.76 91.52 91.69 9263
2012-06-15 12:30 91.63 91.78 91.56 91.56 6021
2012-06-15 12:40 91.56 91.65 91.5 91.64 8140
2012-06-15 12:50 91.65 91.74 91.5 91.52 3087
2012-06-15 13:00 91.75 91.88 91.63 91.66 26067
2012-06-15 13:10 91.72 91.87 91.7 91.77 9468
2012-06-15 13:20 91.73 91.76 91.64 91.71 8869
2012-06-15 13:30 91.75 91.76 91.65 91.76 5949
2012-06-15 13:40 91.68 91.82 91.68 91.74 3417
2012-06-15 13:50 91.58 91.75 91.52 91.68 6321
2012-06-15 14:00 91.43 91.65 91.42 91.6 8725
2012-06-15 14:10 91.42 91.46 91.35 91.43 15103
2012-06-15 14:20 91.2 91.5 91.2 91.47 12086
2012-06-15 14:30 91.33 91.36 91.12 91.16 26736
2012-06-15 14:40 91.22 91.33 91.09 91.23 16735
2012-06-15 14:50 91.03 91.26 91.0 91.24 17102
2012-06-15 15:00 90.93 91.03 90.89 91.01 20886
2012-06-15 15:10 91.03 91.07 90.9 90.92 9650
2012-06-15 15:20 91.1 91.14 91.02 91.06 6857
2012-06-15 15:30 91.18 91.21 91.09 91.1 6691
2012-06-15 15:40 91.07 91.21 91.03 91.17 12489
2012-06-15 15:50 90.97 91.13 90.9 91.06 46636
2012-06-15 16:00 90.87 91.0 90.33 90.96 65760
2012-06-15 16:10 90.84 90.94 90.76 90.9 19104
2012-06-15 16:20 90.92 90.99 90.81 90.84 16440
2012-06-15 16:30 90.93 90.94 90.81 90.89 8009
2012-06-15 16:40 90.88 90.99 90.87 90.95 15155
2012-06-15 16:50 91.06 91.06 90.82 90.9 15683
2012-06-15 17:00 91.14 91.18 91.0 91.05 16849
2012-06-15 17:10 90.91 91.12 90.88 91.11 28531
2012-06-15 17:20 90.86 91.05 90.8 90.92 31818
2012-06-15 17:30 90.81 90.9 90.72 90.85 41189
2012-06-15 17:40 91.04 91.04 91.04 91.04 394776
2012-06-18 09:10 92.06 92.1 91.6 91.98 40658
2012-06-18 09:20 91.85 92.07 91.76 91.99 13572
2012-06-18 09:30 91.94 92.04 91.81 91.83 21621
2012-06-18 09:40 91.77 92.05 91.59 91.94 12530
2012-06-18 09:50 92.08 92.16 91.72 91.76 30419
2012-06-18 10:00 92.16 92.21 91.92 92.07 12652
2012-06-18 10:10 91.84 92.2 91.82 92.16 36290
2012-06-18 10:20 91.88 92.07 91.84 91.86 21817
2012-06-18 10:30 91.51 91.88 91.37 91.88 23884
2012-06-18 10:40 91.46 91.68 91.46 91.54 14678
2012-06-18 10:50 91.61 91.62 91.45 91.46 6892
2012-06-18 11:00 91.63 91.8 91.55 91.6 10504
2012-06-18 11:10 91.56 91.73 91.53 91.61 10788
2012-06-18 11:20 91.81 91.82 91.54 91.58 6416
2012-06-18 11:30 91.65 91.79 91.51 91.76 5010
2012-06-18 11:40 91.7 91.76 91.49 91.66 11833
2012-06-18 11:50 91.76 91.82 91.65 91.7 5705
2012-06-18 12:00 91.59 91.78 91.59 91.74 9312
2012-06-18 12:10 91.62 91.65 91.46 91.62 9572
2012-06-18 12:20 91.72 91.76 91.58 91.58 7630
2012-06-18 12:30 91.66 91.76 91.62 91.72 4844
2012-06-18 12:40 91.55 91.65 91.49 91.64 6790
2012-06-18 12:50 91.6 91.6 91.41 91.53 6175
2012-06-18 13:00 91.56 91.66 91.52 91.59 3783
2012-06-18 13:10 91.75 91.78 91.51 91.6 10113
2012-06-18 13:20 91.82 91.84 91.64 91.7 3729
2012-06-18 13:30 91.86 91.87 91.81 91.86 489
2012-06-18 13:40 91.87 91.94 91.84 91.86 3627
2012-06-18 13:50 91.64 91.94 91.64 91.91 4790
2012-06-18 14:00 91.68 91.71 91.6 91.61 8414
2012-06-18 14:10 91.81 91.93 91.65 91.65 12191
2012-06-18 14:20 91.82 91.95 91.8 91.83 6971
2012-06-18 14:30 91.63 91.83 91.58 91.83 4346
2012-06-18 14:40 91.36 91.63 91.36 91.59 9212
2012-06-18 14:50 91.11 91.33 91.0 91.28 18370
2012-06-18 15:00 91.12 91.2 91.05 91.12 25409
2012-06-18 15:10 91.25 91.34 91.07 91.14 10825
2012-06-18 15:20 91.24 91.29 91.12 91.24 7169
2012-06-18 15:30 91.25 91.3 91.23 91.29 4936
2012-06-18 15:40 91.44 91.45 91.03 91.23 12566
2012-06-18 15:50 91.38 91.53 91.37 91.39 4370
2012-06-18 16:00 91.31 91.45 91.24 91.4 9718
2012-06-18 16:10 91.54 91.57 91.2 91.29 6888
2012-06-18 16:20 91.64 91.64 91.44 91.56 9426
2012-06-18 16:30 91.53 91.69 91.48 91.66 12384
2012-06-18 16:40 91.73 91.73 91.46 91.56 13092
2012-06-18 16:50 91.68 91.79 91.58 91.75 12551
2012-06-18 17:00 91.36 91.72 91.33 91.72 14821
2012-06-18 17:10 91.25 91.48 91.2 91.43 19191
2012-06-18 17:20 91.21 91.33 91.19 91.24 13760
2012-06-18 17:30 91.33 91.38 91.1 91.2 28369
2012-06-18 17:40 91.33 91.33 91.33 91.33 108415
2012-06-19 09:10 90.76 91.35 90.66 91.0 83175
2012-06-19 09:20 90.61 90.98 90.52 90.73 28309
2012-06-19 09:30 90.37 90.7 90.32 90.61 13937
2012-06-19 09:40 90.2 90.34 90.05 90.32 33902
2012-06-19 09:50 90.43 90.44 90.21 90.21 7819
2012-06-19 10:00 90.59 90.62 90.44 90.45 9013
2012-06-19 10:10 90.68 90.75 90.51 90.52 23570
2012-06-19 10:20 90.66 90.78 90.58 90.63 10640
2012-06-19 10:30 90.47 90.75 90.46 90.69 9430
2012-06-19 10:40 90.47 90.54 90.42 90.47 4568
2012-06-19 10:50 90.48 90.63 90.45 90.48 18075
2012-06-19 11:00 90.3 90.51 90.3 90.48 35343
2012-06-19 11:10 90.35 90.4 90.22 90.33 18396
2012-06-19 11:20 90.28 90.41 90.2 90.37 20584
2012-06-19 11:30 90.16 90.33 90.16 90.29 25575
2012-06-19 11:40 89.85 90.19 89.85 90.15 19344
2012-06-19 11:50 89.64 89.87 89.64 89.85 22366
2012-06-19 12:00 89.54 89.74 89.5 89.63 29542
2012-06-19 12:10 89.4 89.58 89.39 89.58 16818
2012-06-19 12:20 89.55 89.55 89.38 89.41 7730
2012-06-19 12:30 89.63 89.67 89.56 89.62 10289
2012-06-19 12:40 89.68 89.7 89.57 89.63 22302
2012-06-19 12:50 89.89 89.89 89.67 89.67 4809
2012-06-19 13:00 90.05 90.06 89.87 89.9 5018
2012-06-19 13:10 90.21 90.21 90.07 90.07 4856
2012-06-19 13:20 90.29 90.32 90.18 90.22 7335
2012-06-19 13:30 90.34 90.41 90.27 90.31 2659
2012-06-19 13:40 90.19 90.32 90.13 90.32 2983
2012-06-19 13:50 90.59 90.63 90.21 90.21 6398
2012-06-19 14:00 90.55 90.7 90.5 90.58 5098
2012-06-19 14:10 90.47 90.58 90.35 90.55 8529
2012-06-19 14:20 90.58 90.59 90.47 90.47 20898
2012-06-19 14:30 90.58 90.69 90.54 90.58 2515
2012-06-19 14:40 90.53 90.63 90.46 90.63 7322
2012-06-19 14:50 90.56 90.64 90.54 90.56 9796
2012-06-19 15:00 90.69 90.71 90.6 90.6 3132
2012-06-19 15:10 90.88 90.9 90.65 90.65 6934
2012-06-19 15:20 90.94 90.97 90.82 90.86 6229
2012-06-19 15:30 91.01 91.02 90.92 90.93 7218
2012-06-19 15:40 90.95 91.05 90.95 91.01 9382
2012-06-19 15:50 90.88 90.95 90.84 90.88 6409
2012-06-19 16:00 90.94 91.01 90.91 90.93 3960
2012-06-19 16:10 90.88 90.99 90.86 90.99 13539
2012-06-19 16:20 90.91 90.98 90.87 90.89 16838
2012-06-19 16:30 91.01 91.01 90.9 90.92 24324
2012-06-19 16:40 91.13 91.17 90.99 91.0 8763
2012-06-19 16:50 91.16 91.16 91.04 91.11 9565
2012-06-19 17:00 91.23 91.37 91.16 91.16 36179
2012-06-19 17:10 91.45 91.45 91.17 91.23 33408
2012-06-19 17:20 91.32 91.52 91.31 91.45 24784
2012-06-19 17:30 91.18 91.41 91.12 91.32 22191
2012-06-19 17:40 91.42 91.42 91.42 91.42 192480
2012-06-20 09:10 91.6 91.84 91.49 91.8 15910
2012-06-20 09:20 91.4 91.64 91.4 91.61 4727
2012-06-20 09:30 90.94 91.48 90.94 91.45 12878
2012-06-20 09:40 90.42 90.98 90.42 90.98 12715
2012-06-20 09:50 90.19 90.42 90.16 90.42 20077
2012-06-20 10:00 89.59 90.21 89.58 90.19 29722
2012-06-20 10:10 89.7 89.76 89.25 89.58 28269
2012-06-20 10:20 89.37 89.71 89.36 89.7 26016
2012-06-20 10:30 89.34 89.44 89.01 89.35 26677
2012-06-20 10:40 89.09 89.39 89.09 89.31 19257
2012-06-20 10:50 89.22 89.37 89.05 89.11 27537
2012-06-20 11:00 89.18 89.3 89.11 89.21 17635
2012-06-20 11:10 89.27 89.3 89.11 89.19 22426
2012-06-20 11:20 89.36 89.53 89.24 89.24 14364
2012-06-20 11:30 88.95 89.4 88.92 89.36 29194
2012-06-20 11:40 89.0 89.03 88.73 88.96 30214
2012-06-20 11:50 89.11 89.15 88.93 89.04 13632
2012-06-20 12:00 88.99 89.11 88.91 89.11 22873
2012-06-20 12:10 88.95 89.02 88.91 88.99 26660
2012-06-20 12:20 88.94 89.03 88.92 88.95 24016
2012-06-20 12:30 89.04 89.1 88.87 88.95 14241
2012-06-20 12:40 88.94 89.03 88.93 89.02 7066
2012-06-20 12:50 89.05 89.1 88.93 88.95 12707
2012-06-20 13:00 89.07 89.16 89.03 89.03 4386
2012-06-20 13:10 89.19 89.23 89.08 89.09 4206
2012-06-20 13:20 89.28 89.31 89.15 89.2 6110
2012-06-20 13:30 89.24 89.35 89.24 89.31 4354
2012-06-20 13:40 89.18 89.32 89.15 89.22 5393
2012-06-20 13:50 89.15 89.19 89.09 89.18 3869
2012-06-20 14:00 89.14 89.17 89.07 89.12 3717
2012-06-20 14:10 88.97 89.12 88.86 89.09 12067
2012-06-20 14:20 89.34 89.34 88.9 88.95 10634
2012-06-20 14:30 89.26 89.35 89.23 89.34 2830
2012-06-20 14:40 89.25 89.26 89.19 89.26 5427
2012-06-20 14:50 89.04 89.28 89.04 89.27 9401
2012-06-20 15:00 88.86 89.04 88.85 89.02 15506
2012-06-20 15:10 89.01 89.01 88.86 88.88 7781
2012-06-20 15:20 88.93 89.03 88.89 89.01 24026
2012-06-20 15:30 88.98 89.02 88.94 88.95 5319
2012-06-20 15:40 88.96 89.0 88.85 88.99 8072
2012-06-20 15:50 88.9 88.98 88.88 88.94 13075
2012-06-20 16:00 88.96 88.99 88.92 88.92 13216
2012-06-20 16:10 89.15 89.16 88.94 88.96 14386
2012-06-20 16:20 89.24 89.37 89.16 89.16 22712
2012-06-20 16:30 89.32 89.43 89.2 89.2 25429
2012-06-20 16:40 89.34 89.41 89.3 89.33 16488
2012-06-20 16:50 89.37 89.47 89.26 89.36 22412
2012-06-20 17:00 89.39 89.46 89.34 89.37 18795
2012-06-20 17:10 89.4 89.46 89.37 89.39 9875
2012-06-20 17:20 89.4 89.52 89.39 89.41 15899
2012-06-20 17:30 89.47 89.48 89.31 89.4 20405
2012-06-20 17:40 89.68 89.68 89.68 89.68 230061
2012-06-21 09:10 89.42 89.75 89.21 89.5 22695
2012-06-21 09:20 89.5 89.5 89.24 89.46 13982
2012-06-21 09:30 89.43 89.58 89.38 89.48 18838
2012-06-21 09:40 89.61 89.65 89.39 89.4 8913
2012-06-21 09:50 89.58 89.66 89.48 89.63 10909
2012-06-21 10:00 89.54 89.62 89.44 89.6 7897
2012-06-21 10:10 89.5 89.58 89.42 89.55 9284
2012-06-21 10:20 89.45 89.5 89.32 89.45 9173
2012-06-21 10:30 89.52 89.54 89.31 89.41 4217
2012-06-21 10:40 89.59 89.62 89.5 89.52 6810
2012-06-21 10:50 89.56 89.67 89.49 89.52 6861
2012-06-21 11:00 89.49 89.58 89.44 89.54 5846
2012-06-21 11:10 89.51 89.56 89.47 89.52 10049
2012-06-21 11:20 89.32 89.53 89.29 89.48 11947
2012-06-21 11:30 89.2 89.4 89.2 89.31 8048
2012-06-21 11:40 89.09 89.31 89.07 89.19 8001
2012-06-21 11:50 89.0 89.13 89.0 89.12 5437
2012-06-21 12:00 88.77 89.01 88.77 89.01 5735
2012-06-21 12:10 89.04 89.04 88.79 88.79 15279
2012-06-21 12:20 88.91 89.06 88.88 89.03 8773
2012-06-21 12:30 88.94 88.96 88.86 88.91 3095
2012-06-21 12:40 88.89 88.97 88.89 88.94 4543
2012-06-21 12:50 88.59 88.88 88.59 88.88 24532
2012-06-21 13:00 88.74 88.79 88.5 88.59 15836
2012-06-21 13:10 88.73 88.74 88.69 88.71 13870
2012-06-21 13:20 88.83 88.89 88.74 88.76 7970
2012-06-21 13:30 89.0 89.0 88.87 88.88 6418
2012-06-21 13:40 88.9 89.0 88.9 89.0 9091
2012-06-21 13:50 89.15 89.17 88.89 88.96 10616
2012-06-21 14:00 89.19 89.21 89.09 89.12 6350
2012-06-21 14:10 89.35 89.41 89.14 89.19 11515
2012-06-21 14:20 89.27 89.39 89.23 89.32 13392
2012-06-21 14:30 89.27 89.38 89.24 89.3 17953
2012-06-21 14:40 89.45 89.48 89.26 89.26 7827
2012-06-21 14:50 89.62 89.67 89.4 89.42 19223
2012-06-21 15:00 89.68 89.73 89.55 89.63 10074
2012-06-21 15:10 89.66 89.78 89.65 89.68 12376
2012-06-21 15:20 89.86 89.88 89.61 89.63 12588
2012-06-21 15:30 90.18 90.2 89.86 89.86 23382
2012-06-21 15:40 90.15 90.27 90.15 90.18 16983
2012-06-21 15:50 90.13 90.19 90.11 90.17 12999
2012-06-21 16:00 90.0 90.3 90.0 90.15 13043
2012-06-21 16:10 90.15 90.24 89.86 89.93 20234
2012-06-21 16:20 90.29 90.31 90.08 90.15 8938
2012-06-21 16:30 90.36 90.4 90.22 90.25 27600
