Date Hour Close High Low Open Volume
2012-06-13 09:00 43.85 43.85 43.85 43.85 21865
2012-06-13 09:10 44.19 44.235 43.85 43.85 48220
2012-06-13 09:20 44.25 44.365 44.14 44.215 33212
2012-06-13 09:30 43.87 44.26 43.87 44.24 65841
2012-06-13 09:40 43.53 43.88 43.465 43.875 52226
2012-06-13 09:50 43.36 43.55 43.315 43.535 95574
2012-06-13 10:00 42.645 43.38 42.645 43.355 202169
2012-06-13 10:10 42.33 42.68 42.315 42.645 276804
2012-06-13 10:20 41.95 42.34 41.745 42.34 291104
2012-06-13 10:30 42.07 42.25 41.95 41.95 151291
2012-06-13 10:40 42.11 42.18 42.065 42.095 59046
2012-06-13 10:50 42.12 42.145 41.98 42.115 124775
2012-06-13 11:00 42.18 42.275 42.115 42.115 58368
2012-06-13 11:10 42.035 42.215 41.95 42.185 69291
2012-06-13 11:20 42.005 42.09 41.94 42.09 82402
2012-06-13 11:30 42.11 42.15 42.01 42.035 35795
2012-06-13 11:40 41.92 42.105 41.84 42.1 64305
2012-06-13 11:50 41.945 41.975 41.87 41.915 40095
2012-06-13 12:00 41.93 41.94 41.82 41.94 59738
2012-06-13 12:10 42.06 42.13 41.85 41.925 102005
2012-06-13 12:20 42.005 42.1 41.9 42.06 59013
2012-06-13 12:30 41.99 42.03 41.93 41.995 54782
2012-06-13 12:40 41.99 42.03 41.915 41.99 30317
2012-06-13 12:50 41.99 42.01 41.945 41.995 22539
2012-06-13 13:00 41.925 42.0 41.875 41.99 29498
2012-06-13 13:10 41.85 41.985 41.85 41.925 23524
2012-06-13 13:20 41.76 41.875 41.75 41.865 38653
2012-06-13 13:30 41.6 41.765 41.5 41.76 97458
2012-06-13 13:40 41.66 41.7 41.585 41.595 53231
2012-06-13 13:50 41.685 41.73 41.67 41.67 85537
2012-06-13 14:00 41.705 41.72 41.66 41.675 22057
2012-06-13 14:10 41.685 41.73 41.63 41.725 61945
2012-06-13 14:20 41.605 41.7 41.565 41.695 28146
2012-06-13 14:30 41.32 41.61 41.32 41.6 79505
2012-06-13 14:40 41.575 41.6 41.27 41.3 49895
2012-06-13 14:50 41.4 41.58 41.34 41.575 41338
2012-06-13 15:00 41.45 41.455 41.38 41.39 18210
2012-06-13 15:10 41.53 41.555 41.42 41.45 69934
2012-06-13 15:20 41.455 41.52 41.42 41.52 53192
2012-06-13 15:30 41.56 41.575 41.44 41.475 67648
2012-06-13 15:40 41.59 41.64 41.49 41.565 52224
2012-06-13 15:50 41.73 41.73 41.53 41.58 37618
2012-06-13 16:00 41.725 41.755 41.58 41.71 56530
2012-06-13 16:10 41.925 41.93 41.725 41.725 72514
2012-06-13 16:20 41.92 41.975 41.865 41.93 28792
2012-06-13 16:30 41.775 41.96 41.73 41.93 74609
2012-06-13 16:40 42.065 42.065 41.775 41.78 80527
2012-06-13 16:50 41.995 42.075 41.965 42.065 45429
2012-06-13 17:00 41.96 42.04 41.94 42.0 37157
2012-06-13 17:10 41.54 41.955 41.53 41.955 88904
2012-06-13 17:20 41.51 41.615 41.435 41.57 143462
2012-06-13 17:30 41.555 41.67 41.44 41.51 97386
2012-06-13 17:40 41.67 41.67 41.67 41.67 676627
2012-06-14 09:00 41.6 41.6 41.6 41.6 13042
2012-06-14 09:10 41.395 41.745 41.395 41.6 48568
2012-06-14 09:20 41.27 41.37 41.08 41.34 104247
2012-06-14 09:30 41.15 41.37 41.15 41.315 94252
2012-06-14 09:40 41.22 41.26 41.085 41.17 103430
2012-06-14 09:50 41.275 41.32 41.175 41.235 47474
2012-06-14 10:00 41.085 41.3 41.05 41.255 57629
2012-06-14 10:10 40.925 41.15 40.89 41.09 104574
2012-06-14 10:20 40.935 41.02 40.83 40.925 48282
2012-06-14 10:30 40.65 40.92 40.62 40.905 57567
2012-06-14 10:40 40.73 40.78 40.605 40.635 62555
2012-06-14 10:50 40.685 40.92 40.665 40.74 40236
2012-06-14 11:00 40.6 40.7 40.495 40.685 80070
2012-06-14 11:10 40.385 40.6 40.37 40.6 87719
2012-06-14 11:20 40.29 40.43 40.29 40.405 165071
2012-06-14 11:30 40.395 40.42 40.265 40.285 121179
2012-06-14 11:40 40.315 40.45 40.3 40.38 63505
2012-06-14 11:50 40.4 40.45 40.26 40.32 62982
2012-06-14 12:00 40.26 40.39 40.175 40.39 101714
2012-06-14 12:10 40.285 40.355 40.205 40.285 52835
2012-06-14 12:20 40.455 40.5 40.275 40.29 60811
2012-06-14 12:30 40.625 40.625 40.44 40.455 97375
2012-06-14 12:40 40.72 40.81 40.59 40.61 79787
2012-06-14 12:50 40.72 40.825 40.695 40.725 60910
2012-06-14 13:00 40.625 40.715 40.625 40.705 44810
2012-06-14 13:10 40.615 40.635 40.535 40.62 99475
2012-06-14 13:20 40.6 40.64 40.575 40.605 19514
2012-06-14 13:30 40.66 40.66 40.58 40.64 18138
2012-06-14 13:40 40.61 40.77 40.59 40.665 38519
2012-06-14 13:50 40.57 40.625 40.57 40.61 25494
2012-06-14 14:00 40.59 40.615 40.49 40.565 35866
2012-06-14 14:10 40.645 40.71 40.575 40.58 31085
2012-06-14 14:20 40.695 40.72 40.63 40.64 21761
2012-06-14 14:30 40.54 40.755 40.53 40.71 41879
2012-06-14 14:40 40.55 40.605 40.5 40.525 59576
2012-06-14 14:50 40.625 40.66 40.55 40.55 49113
2012-06-14 15:00 40.63 40.745 40.63 40.63 84792
2012-06-14 15:10 40.67 40.715 40.615 40.615 46178
2012-06-14 15:20 40.65 40.72 40.625 40.67 44249
2012-06-14 15:30 40.4 40.67 40.38 40.655 118603
2012-06-14 15:40 40.405 40.46 40.32 40.4 43658
2012-06-14 15:50 40.355 40.505 40.315 40.365 37037
2012-06-14 16:00 40.525 40.535 40.3 40.36 20979
2012-06-14 16:10 40.495 40.61 40.47 40.53 110443
2012-06-14 16:20 40.47 40.52 40.435 40.5 64132
2012-06-14 16:30 40.59 40.6 40.43 40.455 49093
2012-06-14 16:40 40.6 40.625 40.525 40.6 70248
2012-06-14 16:50 40.58 40.665 40.55 40.6 42806
2012-06-14 17:00 40.6 40.64 40.56 40.585 85032
2012-06-14 17:10 40.635 40.635 40.545 40.605 85081
2012-06-14 17:20 40.72 40.725 40.61 40.635 87530
2012-06-14 17:30 40.83 40.83 40.67 40.725 77264
2012-06-14 17:40 40.71 40.71 40.71 40.71 520097
2012-06-15 09:10 41.305 41.48 40.875 41.135 129188
2012-06-15 09:20 41.5 41.635 41.3 41.3 86035
2012-06-15 09:30 41.67 41.765 41.41 41.515 69938
2012-06-15 09:40 41.41 41.75 41.41 41.65 156617
2012-06-15 09:50 41.38 41.46 41.18 41.4 113683
2012-06-15 10:00 41.13 41.4 41.1 41.37 38120
2012-06-15 10:10 41.27 41.27 41.08 41.145 45241
2012-06-15 10:20 41.245 41.37 41.225 41.275 38500
2012-06-15 10:30 41.28 41.285 41.15 41.23 27441
2012-06-15 10:40 41.28 41.355 41.22 41.28 46248
2012-06-15 10:50 41.32 41.335 41.24 41.27 30749
2012-06-15 11:00 41.38 41.42 41.305 41.305 30278
2012-06-15 11:10 41.45 41.485 41.365 41.38 31567
2012-06-15 11:20 41.335 41.47 41.32 41.45 67364
2012-06-15 11:30 41.47 41.485 41.265 41.335 28014
2012-06-15 11:40 41.445 41.515 41.425 41.48 36852
2012-06-15 11:50 41.54 41.68 41.34 41.445 79395
2012-06-15 12:00 41.7 42.145 41.525 41.535 999516
2012-06-15 12:10 41.685 41.755 41.62 41.705 74311
2012-06-15 12:20 41.62 41.745 41.555 41.68 38908
2012-06-15 12:30 41.7 41.81 41.62 41.63 32364
2012-06-15 12:40 41.695 41.73 41.67 41.7 29881
2012-06-15 12:50 41.735 41.76 41.68 41.68 30678
2012-06-15 13:00 41.855 41.855 41.69 41.705 24513
2012-06-15 13:10 41.755 41.885 41.755 41.85 49490
2012-06-15 13:20 41.7 41.83 41.66 41.76 83844
2012-06-15 13:30 41.76 41.76 41.635 41.7 49505
2012-06-15 13:40 41.78 41.805 41.76 41.76 12990
2012-06-15 13:50 41.66 41.78 41.66 41.775 15075
2012-06-15 14:00 41.695 41.71 41.63 41.66 17414
2012-06-15 14:10 41.71 41.79 41.62 41.71 22446
2012-06-15 14:20 41.725 41.735 41.65 41.705 27070
2012-06-15 14:30 41.7 41.81 41.68 41.725 55979
2012-06-15 14:40 41.75 41.795 41.685 41.71 22309
2012-06-15 14:50 41.71 41.79 41.68 41.745 22647
2012-06-15 15:00 41.595 41.705 41.575 41.705 24399
2012-06-15 15:10 41.705 41.71 41.555 41.595 31766
2012-06-15 15:20 41.675 41.75 41.67 41.7 30789
2012-06-15 15:30 41.735 41.75 41.66 41.675 18798
2012-06-15 15:40 41.715 41.8 41.685 41.74 15741
2012-06-15 15:50 41.81 41.835 41.7 41.7 72312
2012-06-15 16:00 41.83 41.9 41.69 41.805 120063
2012-06-15 16:10 41.825 41.91 41.785 41.825 27367
2012-06-15 16:20 41.86 41.92 41.82 41.83 24275
2012-06-15 16:30 41.935 42.08 41.71 41.85 165243
2012-06-15 16:40 41.96 42.06 41.865 41.935 111968
2012-06-15 16:50 41.975 41.99 41.8 41.955 105028
2012-06-15 17:00 41.96 42.01 41.93 41.98 34456
2012-06-15 17:10 42.06 42.06 41.95 41.965 53884
2012-06-15 17:20 42.105 42.175 42.045 42.065 137862
2012-06-15 17:30 42.04 42.145 42.01 42.105 129712
2012-06-15 17:40 42.1 42.1 42.1 42.1 1121466
2012-06-18 09:10 43.145 43.185 42.82 43.0 112783
2012-06-18 09:20 42.78 43.155 42.77 43.155 88464
2012-06-18 09:30 42.875 42.92 42.705 42.79 121261
2012-06-18 09:40 42.9 42.97 42.81 42.86 48856
2012-06-18 09:50 42.915 42.965 42.765 42.88 32238
2012-06-18 10:00 42.89 43.015 42.89 42.915 50134
2012-06-18 10:10 42.745 42.92 42.675 42.88 46129
2012-06-18 10:20 42.55 42.755 42.525 42.725 53579
2012-06-18 10:30 42.31 42.535 42.13 42.535 41308
2012-06-18 10:40 42.235 42.345 42.105 42.29 61435
2012-06-18 10:50 42.46 42.48 42.18 42.235 43470
2012-06-18 11:00 42.59 42.625 42.47 42.47 45953
2012-06-18 11:10 42.535 42.615 42.46 42.565 32702
2012-06-18 11:20 42.745 42.78 42.54 42.54 33948
2012-06-18 11:30 42.75 42.81 42.62 42.74 42119
2012-06-18 11:40 42.73 42.8 42.62 42.75 34644
2012-06-18 11:50 42.6 42.72 42.6 42.715 37034
2012-06-18 12:00 42.795 42.86 42.59 42.615 53577
2012-06-18 12:10 42.845 42.85 42.72 42.78 18506
2012-06-18 12:20 42.855 42.95 42.81 42.85 21081
2012-06-18 12:30 42.88 42.89 42.8 42.84 11257
2012-06-18 12:40 42.83 42.875 42.71 42.865 27494
2012-06-18 12:50 42.77 42.845 42.66 42.83 10314
2012-06-18 13:00 42.62 42.77 42.6 42.75 22560
2012-06-18 13:10 42.605 42.73 42.48 42.6 37880
2012-06-18 13:20 42.63 42.7 42.53 42.615 30031
2012-06-18 13:30 42.52 42.685 42.485 42.665 16535
2012-06-18 13:40 42.505 42.565 42.48 42.54 25423
2012-06-18 13:50 42.34 42.515 42.295 42.515 17702
2012-06-18 14:00 42.295 42.38 42.295 42.35 23287
2012-06-18 14:10 42.38 42.495 42.275 42.295 26145
2012-06-18 14:20 42.43 42.515 42.38 42.38 19923
2012-06-18 14:30 42.385 42.47 42.25 42.455 27952
2012-06-18 14:40 42.19 42.42 42.18 42.4 28037
2012-06-18 14:50 42.06 42.31 42.02 42.18 41230
2012-06-18 15:00 42.17 42.22 42.035 42.06 22764
2012-06-18 15:10 42.285 42.325 42.125 42.175 15381
2012-06-18 15:20 42.215 42.315 42.18 42.3 11084
2012-06-18 15:30 42.155 42.2 42.14 42.2 12340
2012-06-18 15:40 42.23 42.23 41.985 42.165 27655
2012-06-18 15:50 42.28 42.35 42.215 42.215 23120
2012-06-18 16:00 42.3 42.32 42.18 42.29 22234
2012-06-18 16:10 42.25 42.355 42.175 42.29 30551
2012-06-18 16:20 42.465 42.465 42.2 42.245 30859
2012-06-18 16:30 42.44 42.485 42.365 42.46 26261
2012-06-18 16:40 42.515 42.515 42.385 42.455 20054
2012-06-18 16:50 42.575 42.575 42.41 42.53 21129
2012-06-18 17:00 42.23 42.6 42.23 42.575 25412
2012-06-18 17:10 42.11 42.29 42.11 42.255 34058
2012-06-18 17:20 42.055 42.225 42.055 42.125 31045
2012-06-18 17:30 42.0 42.125 41.96 42.075 97733
2012-06-18 17:40 42.1 42.1 42.1 42.1 235877
2012-06-19 09:10 42.74 42.88 42.285 42.315 56379
2012-06-19 09:20 42.64 42.905 42.6 42.745 40896
2012-06-19 09:30 42.655 42.79 42.625 42.64 17590
2012-06-19 09:40 42.875 42.915 42.625 42.625 17822
2012-06-19 09:50 42.93 42.975 42.83 42.86 13597
2012-06-19 10:00 42.82 42.97 42.695 42.915 24009
2012-06-19 10:10 42.455 42.81 42.41 42.785 31861
2012-06-19 10:20 42.565 42.61 42.37 42.51 28939
2012-06-19 10:30 42.49 42.54 42.435 42.54 14297
2012-06-19 10:40 42.525 42.57 42.44 42.48 6992
2012-06-19 10:50 42.62 42.63 42.505 42.525 6285
2012-06-19 11:00 42.58 42.825 42.58 42.63 24284
2012-06-19 11:10 42.65 42.795 42.49 42.56 31098
2012-06-19 11:20 42.585 42.725 42.56 42.64 29713
2012-06-19 11:30 42.6 42.73 42.595 42.615 24075
2012-06-19 11:40 42.465 42.635 42.46 42.6 14889
2012-06-19 11:50 42.375 42.48 42.315 42.46 20086
2012-06-19 12:00 42.35 42.425 42.32 42.38 13497
2012-06-19 12:10 42.335 42.425 42.305 42.375 18316
2012-06-19 12:20 42.34 42.375 42.31 42.35 13161
2012-06-19 12:30 42.33 42.375 42.295 42.325 13763
2012-06-19 12:40 42.43 42.43 42.28 42.33 25515
2012-06-19 12:50 42.475 42.48 42.37 42.425 7704
2012-06-19 13:00 42.5 42.505 42.425 42.47 10307
2012-06-19 13:10 42.595 42.64 42.53 42.53 14715
2012-06-19 13:20 42.595 42.69 42.57 42.585 24368
2012-06-19 13:30 42.615 42.64 42.575 42.59 10167
2012-06-19 13:40 42.585 42.645 42.555 42.63 9625
2012-06-19 13:50 42.695 42.715 42.595 42.595 8934
2012-06-19 14:00 42.65 42.74 42.625 42.685 7444
2012-06-19 14:10 42.73 42.73 42.605 42.69 6667
2012-06-19 14:20 42.71 42.765 42.645 42.735 8701
2012-06-19 14:30 42.665 42.73 42.665 42.725 14674
2012-06-19 14:40 42.54 42.635 42.54 42.61 22818
2012-06-19 14:50 42.585 42.615 42.53 42.555 34777
2012-06-19 15:00 42.62 42.66 42.59 42.6 10155
2012-06-19 15:10 42.835 42.85 42.57 42.595 12672
2012-06-19 15:20 42.735 42.815 42.73 42.815 19361
2012-06-19 15:30 42.65 42.745 42.635 42.73 21606
2012-06-19 15:40 42.66 42.735 42.635 42.65 13124
2012-06-19 15:50 42.71 42.71 42.55 42.645 6900
2012-06-19 16:00 42.78 42.78 42.675 42.725 9847
2012-06-19 16:10 42.805 42.835 42.755 42.79 18220
2012-06-19 16:20 43.015 43.02 42.81 42.815 35871
2012-06-19 16:30 42.97 43.08 42.945 43.02 55688
2012-06-19 16:40 42.95 43.085 42.95 42.97 59379
2012-06-19 16:50 43.02 43.03 42.935 42.96 27536
2012-06-19 17:00 43.345 43.385 43.03 43.03 71485
2012-06-19 17:10 43.42 43.48 43.295 43.35 105817
2012-06-19 17:20 43.37 43.43 43.35 43.42 101162
2012-06-19 17:30 43.4 43.4 43.32 43.37 80648
2012-06-19 17:40 43.47 43.47 43.47 43.47 512928
2012-06-20 09:10 43.14 43.4 42.91 43.4 97178
2012-06-20 09:20 43.07 43.225 43.025 43.15 32638
2012-06-20 09:30 42.97 43.075 42.89 43.055 50003
2012-06-20 09:40 42.78 42.95 42.59 42.95 120733
2012-06-20 09:50 42.95 42.98 42.76 42.805 24697
2012-06-20 10:00 42.89 43.0 42.815 42.94 24194
2012-06-20 10:10 43.05 43.06 42.835 42.84 11712
2012-06-20 10:20 42.945 43.105 42.87 43.06 26476
2012-06-20 10:30 42.96 43.03 42.93 42.945 12825
2012-06-20 10:40 43.08 43.08 42.91 42.95 20244
2012-06-20 10:50 43.125 43.18 43.07 43.08 25729
2012-06-20 11:00 43.18 43.18 43.07 43.13 21602
2012-06-20 11:10 43.22 43.25 43.135 43.2 13841
2012-06-20 11:20 43.2 43.31 43.2 43.225 18587
2012-06-20 11:30 43.175 43.28 43.175 43.2 21814
2012-06-20 11:40 43.04 43.18 43.035 43.155 34125
2012-06-20 11:50 43.135 43.155 43.025 43.025 15030
2012-06-20 12:00 43.19 43.22 43.09 43.135 13158
2012-06-20 12:10 43.16 43.225 43.15 43.195 17043
2012-06-20 12:20 43.105 43.17 43.06 43.17 31907
2012-06-20 12:30 43.095 43.14 43.0 43.105 23106
2012-06-20 12:40 43.095 43.105 43.03 43.075 19863
2012-06-20 12:50 43.18 43.205 43.05 43.085 20233
2012-06-20 13:00 43.16 43.165 43.09 43.165 32318
2012-06-20 13:10 43.21 43.22 43.135 43.15 7290
2012-06-20 13:20 43.125 43.23 43.095 43.205 12196
2012-06-20 13:30 43.195 43.24 43.135 43.15 8394
2012-06-20 13:40 43.245 43.29 43.18 43.19 11119
2012-06-20 13:50 43.215 43.25 43.185 43.215 4216
2012-06-20 14:00 43.16 43.23 43.155 43.22 10858
2012-06-20 14:10 43.065 43.175 43.05 43.145 11286
2012-06-20 14:20 43.145 43.18 43.05 43.065 11477
2012-06-20 14:30 43.06 43.17 43.06 43.14 12979
2012-06-20 14:40 43.14 43.14 43.03 43.05 8386
2012-06-20 14:50 43.08 43.165 43.07 43.155 18892
2012-06-20 15:00 43.1 43.13 43.065 43.085 7555
2012-06-20 15:10 43.145 43.145 43.06 43.1 17998
2012-06-20 15:20 43.12 43.13 43.085 43.115 20138
2012-06-20 15:30 43.175 43.175 43.085 43.12 7783
2012-06-20 15:40 43.07 43.195 43.06 43.175 20527
2012-06-20 15:50 43.115 43.145 43.065 43.07 9920
2012-06-20 16:00 43.18 43.215 43.11 43.11 17139
2012-06-20 16:10 43.26 43.27 43.15 43.17 14690
2012-06-20 16:20 43.36 43.38 43.265 43.265 29402
2012-06-20 16:30 43.58 43.605 43.34 43.365 67969
2012-06-20 16:40 43.395 43.64 43.37 43.56 46932
2012-06-20 16:50 43.395 43.435 43.315 43.395 25127
2012-06-20 17:00 43.355 43.445 43.355 43.375 27145
2012-06-20 17:10 43.505 43.505 43.36 43.36 22811
2012-06-20 17:20 43.605 43.645 43.515 43.515 35357
2012-06-20 17:30 43.61 43.64 43.525 43.61 24360
2012-06-20 17:40 43.625 43.625 43.625 43.625 170126
2012-06-21 09:10 43.36 43.545 43.215 43.275 69119
2012-06-21 09:20 43.49 43.62 43.37 43.37 61308
2012-06-21 09:30 43.435 43.58 43.39 43.465 40843
2012-06-21 09:40 43.165 43.58 43.16 43.43 67663
2012-06-21 09:50 43.1 43.225 43.02 43.155 31108
2012-06-21 10:00 43.105 43.195 43.07 43.085 21869
2012-06-21 10:10 43.315 43.315 43.09 43.125 23086
2012-06-21 10:20 43.37 43.37 43.14 43.3 26347
2012-06-21 10:30 43.43 43.45 43.225 43.37 13724
2012-06-21 10:40 43.285 43.43 43.285 43.43 16976
2012-06-21 10:50 43.29 43.425 43.23 43.29 21408
2012-06-21 11:00 43.355 43.36 43.275 43.315 19916
2012-06-21 11:10 43.395 43.435 43.34 43.37 19324
2012-06-21 11:20 43.61 43.615 43.375 43.395 41465
2012-06-21 11:30 43.545 43.68 43.525 43.595 38606
2012-06-21 11:40 43.505 43.585 43.505 43.55 33641
2012-06-21 11:50 43.49 43.585 43.48 43.515 17603
2012-06-21 12:00 43.45 43.545 43.445 43.485 14757
2012-06-21 12:10 43.515 43.52 43.435 43.44 7242
2012-06-21 12:20 43.41 43.525 43.41 43.51 15297
2012-06-21 12:30 43.48 43.5 43.395 43.405 14223
2012-06-21 12:40 43.39 43.44 43.365 43.44 21095
2012-06-21 12:50 43.375 43.46 43.305 43.385 25599
2012-06-21 13:00 43.39 43.415 43.335 43.375 26521
2012-06-21 13:10 43.48 43.48 43.37 43.385 17821
2012-06-21 13:20 43.615 43.615 43.45 43.485 18736
2012-06-21 13:30 43.725 43.725 43.61 43.63 18962
2012-06-21 13:40 43.76 43.78 43.725 43.735 13704
2012-06-21 13:50 43.89 43.94 43.72 43.77 38899
2012-06-21 14:00 43.835 43.9 43.795 43.89 19428
2012-06-21 14:10 43.93 44.035 43.825 43.845 43263
2012-06-21 14:20 43.92 43.93 43.83 43.92 15861
2012-06-21 14:30 43.89 43.92 43.825 43.895 14646
2012-06-21 14:40 43.905 43.99 43.785 43.845 43185
2012-06-21 14:50 44.04 44.08 43.855 43.905 32895
2012-06-21 15:00 43.96 44.125 43.91 44.035 21558
2012-06-21 15:10 43.785 43.99 43.76 43.96 45862
2012-06-21 15:20 43.86 43.925 43.775 43.79 92701
2012-06-21 15:30 44.04 44.125 43.86 43.86 54895
2012-06-21 15:40 43.905 44.1 43.905 44.045 39382
2012-06-21 15:50 43.785 43.895 43.785 43.875 27992
2012-06-21 16:00 43.805 43.88 43.785 43.785 20596
2012-06-21 16:10 43.56 43.765 43.525 43.69 17533
2012-06-21 16:20 43.535 43.625 43.51 43.55 22668
2012-06-21 16:30 43.515 43.565 43.445 43.555 21311
